ACC,ENTRY,ENS,SPEC,COUNT,InParanoid,InParanoidCore,OMA_Groups,OMA_Pairs,PANTHER8_LDO,RBH,RSD,Orthoinspector,Hieranoid_2,EnsemblCompara_v2,PANTHER8_all,Metaphors,PhylomeDB,EggNOG
A6V0M5,A6V0M5_PSEA7,nan,PSEA7,13.0,1,1,1,1,1,,1,1,1,1,1,1,1,1
Q54HS2,Q54HS2_DICDI,nan,DICDI,9.0,1,1,1,,,,1,1,1,1,,,1,1
Q4P1X0,Q4P1X0_USTMA,nan,USTMA,9.0,1,1,,,,,1,1,1,1,1,,1,1
B0YDA9,B0YDA9_ASPFC,nan,ASPFC,9.0,,,1,1,1,,,1,1,1,1,,1,1
P40471,AYR1_YEAST,nan,YEAST,8.0,1,1,,1,,,,1,1,1,,,1,1
A7ET02,A7ET02_SCLS1,nan,SCLS1,8.0,,,1,,1,,,1,1,1,1,,1,1
P0AFP4,YBBO_ECOLI,nan,ECOLI,8.0,1,,,,1,,1,1,1,1,1,,1,
Q59LN5,Q59LN5_CANAL,nan,CANAL,8.0,1,1,,,,,1,1,1,1,,,1,1
Q7SA13,Q7SA13_NEUCR,nan,NEUCR,7.0,,,,1,,,1,1,1,1,,,1,1
A9SUI5,A9SUI5_PHYPA,nan,PHYPA,7.0,,,1,1,,,,1,1,1,,,1,1
Q09851,AYR1_SCHPO,nan,SCHPO,7.0,1,,,,,,1,1,1,1,,,1,1
Q0UAW2,Q0UAW2_PHANO,nan,PHANO,7.0,,,,,1,,,1,1,1,1,,1,1
B0YBE1,B0YBE1_ASPFC,nan,ASPFC,7.0,,,,,,,1,1,1,1,1,,1,1
Q0UUU1,Q0UUU1_PHANO,nan,PHANO,7.0,,,,,1,,,1,1,1,1,,1,1
Q944R2,Q944R2_ARATH,nan,ARATH,6.0,,,1,,,,,1,1,1,,,1,1
B0YEA4,B0YEA4_ASPFC,nan,ASPFC,6.0,,,,,,,,1,1,1,1,,1,1
B0R373,B0R373_HALS3,nan,HALS3,6.0,1,,,1,,,1,1,,1,,,1,
A9V381,A9V381_MONBE,nan,MONBE,6.0,1,,,,1,,,1,1,1,1,,,
Q147P9,Q147P9_ARATH,nan,ARATH,6.0,,,,,,,1,1,1,1,,,1,1
A7EG76,A7EG76_SCLS1,nan,SCLS1,6.0,,,,,,,1,1,1,1,,,1,1
Q0UK71,Q0UK71_PHANO,nan,PHANO,5.0,,,,,,,,1,1,1,,,1,1
Q1PLL0,Q1PLL0_DANRE,nan,DANRE,5.0,,,,,,,,1,1,1,,1,1,
B0XU25,B0XU25_ASPFC,nan,ASPFC,5.0,,,,,,,,,1,1,1,,1,1
Q7SHI2,Q7SHI2_NEUCR,nan,NEUCR,5.0,,,,,,,,1,1,1,,,1,1
A9RV90,A9RV90_PHYPA,nan,PHYPA,5.0,,,,,,,,1,1,1,,,1,1
Q8K3N9,Q8K3N9_RAT,nan,RAT,4.0,,,,,,,,,1,1,,1,1,
H2S241,H2S241_TAKRU,ENSTRUP00000006462,TAKRU,4.0,,,,,,,,1,1,1,,1,,
Q0UIM5,Q0UIM5_PHANO,nan,PHANO,4.0,,,,,,,,1,,1,,,1,1
H2QBL2,H2QBL2_PANTR,ENSPTRP00000014332,PANTR,4.0,,,,,,,,,1,1,,1,1,
C3ZER0,C3ZER0_BRAFL,nan,BRAFL,4.0,,,,,,,1,1,1,1,,,,
nan,nan,ENSGALP00000037680,CHICK,4.0,,,,,,,,,1,1,,1,1,
Q1LXG1,Q1LXG1_DANRE,nan,DANRE,4.0,,,,,,,,1,1,1,,1,,
A7RNE0,A7RNE0_NEMVE,nan,NEMVE,4.0,,,,,,,,1,1,1,,1,,
B7P5R6,B7P5R6_IXOSC,nan,IXOSC,4.0,,,,,,,,,1,1,,1,1,
F6WWR0,F6WWR0_MONDO,ENSMODP00000007332,MONDO,4.0,,,,,,,,,1,1,,1,1,
nan,nan,ENSGALP00000039599,CHICK,4.0,,,,,,,,,1,1,,1,1,
B7PHR6,B7PHR6_IXOSC,nan,IXOSC,4.0,,,,,,,,,1,1,,1,1,
nan,nan,ENSMODP00000028907,MONDO,4.0,,,,,,,,,1,1,,1,1,
A0NGR6,A0NGR6_ANOGA,nan,ANOGA,4.0,,,,,,,,,1,1,,1,1,
P37059,DHB2_HUMAN,nan,HUMAN,4.0,,,,,,,,,1,1,,1,1,
Q7Q4T3,Q7Q4T3_ANOGA,nan,ANOGA,4.0,,,,,,,,,1,1,,1,1,
Q89G53,Q89G53_BRADU,nan,BRADU,4.0,,,,,1,,,1,1,,1,,,
F1PE36,F1PE36_CANFA,ENSCAFP00000029598,CANFA,4.0,,,,,,,,,1,1,,1,1,
Q5ANM3,Q5ANM3_CANAL,nan,CANAL,4.0,,,,,,,,1,1,1,,,1,
A7T7Z1,A7T7Z1_NEMVE,nan,NEMVE,4.0,,,,,,,,1,1,1,,1,,
F1LYR5,F1LYR5_RAT,ENSRNOP00000003498,RAT,4.0,,,,,,,,,1,1,,1,1,
Q7K3N4,Q7K3N4_DROME,nan,DROME,4.0,,,,,,,,,1,1,,1,1,
Q5ABT5,Q5ABT5_CANAL,nan,CANAL,4.0,,,,,,,,1,1,1,,,1,
B7QNV2,B7QNV2_IXOSC,nan,IXOSC,4.0,,,,,,,,,1,1,,1,1,
F1LVY2,F1LVY2_RAT,ENSRNOP00000062303,RAT,4.0,,,,,,,,,1,1,,1,1,
F7DQ24,F7DQ24_XENTR,ENSXETP00000032288,XENTR,4.0,,,,,,,,,1,1,,1,1,
H2VD78,H2VD78_TAKRU,ENSTRUP00000047172,TAKRU,4.0,,,,,,,,1,1,1,,1,,
H2V9W7,H2V9W7_TAKRU,ENSTRUP00000046007,TAKRU,4.0,1,,,,,,1,1,,1,,,,
F6QQZ1,F6QQZ1_ORNAN,ENSOANP00000011331,ORNAN,4.0,,,,,,,,,1,1,,1,1,
F7FBE8,F7FBE8_ORNAN,ENSOANP00000000910,ORNAN,3.0,,,,,,,,,1,1,,1,,
F6Z4N6,F6Z4N6_XENTR,ENSXETP00000035399,XENTR,3.0,,,,,,,,,1,1,,1,,
F7B619,F7B619_XENTR,ENSXETP00000007728,XENTR,3.0,,,,,,,,,1,1,,1,,
F7EEX0,F7EEX0_XENTR,ENSXETP00000009604,XENTR,3.0,,,,,,,,,1,1,,1,,
F7EES2,F7EES2_XENTR,ENSXETP00000009614,XENTR,3.0,,,,,,,,,1,1,,1,,
Q20012,Q20012_CAEEL,nan,CAEEL,3.0,,,,,,,,,1,1,,1,,
C3YKJ3,C3YKJ3_BRAFL,nan,BRAFL,3.0,,,,,,,,,1,1,,1,,
F6Z3W7,F6Z3W7_MACMU,ENSMMUP00000017600,MACMU,3.0,,,,,,,,,1,1,,1,,
F7EYS9,F7EYS9_ORNAN,ENSOANP00000014973,ORNAN,3.0,,,,,,,,,1,1,,,1,
H2T2X4,H2T2X4_TAKRU,ENSTRUP00000019012,TAKRU,3.0,,,,,,,,1,1,1,,,,
H2Q661,H2Q661_PANTR,ENSPTRP00000008612,PANTR,3.0,,,,,,,,,1,1,,1,,
F6YGJ5,F6YGJ5_XENTR,ENSXETP00000037994,XENTR,3.0,,,,,,,,,1,1,,1,,
H2TVE6,H2TVE6_TAKRU,ENSTRUP00000028655,TAKRU,3.0,,,,,,,,1,1,1,,,,
H2V8B8,H2V8B8_TAKRU,ENSTRUP00000045457,TAKRU,3.0,,,,,,,,1,1,1,,,,
H9H7L2,H9H7L2_MONDO,ENSMODP00000025667,MONDO,3.0,,,,,,,,1,1,1,,,,
O01758,O01758_CAEEL,nan,CAEEL,3.0,,,,,,,,,1,1,,1,,
F1P9F1,F1P9F1_CANFA,ENSCAFP00000030193,CANFA,3.0,,,,,,,,,1,1,,1,,
O12968,O12968_CHICK,nan,CHICK,3.0,,,,1,,,1,,,1,,,,
F1N3U0,F1N3U0_BOVIN,ENSBTAP00000007470,BOVIN,3.0,,,,,,,,,1,1,,,1,
O55240,RDH1_MOUSE,nan,MOUSE,3.0,,,,,,,,,1,1,,1,,
Q5JJE5,Q5JJE5_THEKO,nan,THEKO,3.0,1,,,,,,1,1,,,,,,
F6V3N2,F6V3N2_CIOIN,ENSCINP00000012679,CIOIN,3.0,,,,,,,,,1,1,,1,,
P37959,YUSZ_BACSU,nan,BACSU,3.0,1,,,,,,1,1,,,,,,
E1BXM0,E1BXM0_CHICK,nan,CHICK,3.0,,,,,,,,,1,1,,1,,
H2QIX9,H2QIX9_PANTR,ENSPTRP00000021544,PANTR,3.0,,,,,,,,,1,1,,1,,
D3ZPQ8,D3ZPQ8_RAT,nan,RAT,3.0,,,,,,,,,1,1,,1,,
C3ZZZ9,C3ZZZ9_BRAFL,nan,BRAFL,3.0,,,,,,,,,1,1,,1,,
F6XEV1,F6XEV1_MACMU,ENSMMUP00000017380,MACMU,3.0,,,,,,,,,1,1,,1,,
F6RPR3,F6RPR3_XENTR,ENSXETP00000007485,XENTR,3.0,,,,,,,,,1,1,,1,,
C3ZEQ7,C3ZEQ7_BRAFL,nan,BRAFL,3.0,,,,,,,,,,1,,1,1,
Q0UAD3,Q0UAD3_PHANO,nan,PHANO,3.0,,,,,,,,,1,1,,,,1
Q5EB01,Q5EB01_DANRE,nan,DANRE,3.0,,,,,,,,1,1,1,,,,
nan,nan,ENSXETP00000056107,XENTR,3.0,1,,,,,,,1,,1,,,,
Q5ZJZ5,BDH_CHICK,nan,CHICK,3.0,,,,,,,,,1,1,,1,,
A7SME5,A7SME5_NEMVE,nan,NEMVE,3.0,,,,,,,,1,1,1,,,,
Q92781,RDH1_HUMAN,nan,HUMAN,3.0,,,,,,,,,1,1,,1,,
Q9BPW9,DHRS9_HUMAN,nan,HUMAN,3.0,,,,,,,,,1,1,,1,,
Q62730,DHB2_RAT,nan,RAT,3.0,,,,,,,,,1,1,,,1,
A7SRY0,A7SRY0_NEMVE,nan,NEMVE,3.0,,,,,,,,1,1,1,,,,
A7SQ85,A7SQ85_NEMVE,nan,NEMVE,3.0,,,,,,,,1,1,1,,,,
A7SMF1,A7SMF1_NEMVE,nan,NEMVE,3.0,,,,,,,,1,1,1,,,,
A7SMF0,A7SMF0_NEMVE,nan,NEMVE,3.0,,,,,,,,1,1,1,,,,
A7SME8,A7SME8_NEMVE,nan,NEMVE,3.0,,,,,,,,1,1,1,,,,
A7SME6,A7SME6_NEMVE,nan,NEMVE,3.0,,,,,,,,1,1,1,,,,
A7SME4,A7SME4_NEMVE,nan,NEMVE,3.0,,,,,,,,1,1,1,,,,
A9ULC8,A9ULC8_XENTR,ENSXETP00000009609,XENTR,3.0,,,,,,,,,1,1,,1,,
A7SKS9,A7SKS9_NEMVE,nan,NEMVE,3.0,,,,,,,,1,1,1,,,,
A7S3H1,A7S3H1_NEMVE,nan,NEMVE,3.0,,,,,,,,1,1,1,,,,
Q9R092,H17B6_MOUSE,nan,MOUSE,3.0,,,,,,,,,1,1,,1,,
A7RZX3,A7RZX3_NEMVE,nan,NEMVE,3.0,,,,,,,,1,1,1,,,,
Q9VAH3,Q9VAH3_DROME,nan,DROME,3.0,,,,,,,,,1,1,,1,,
A7RIH3,A7RIH3_NEMVE,nan,NEMVE,3.0,,,,,,,,1,1,1,,,,
A7RFL9,A7RFL9_NEMVE,nan,NEMVE,3.0,,,,,,,,1,1,1,,,,
nan,nan,ENSCAFP00000000222,CANFA,3.0,,,,,,,,,1,1,,1,,
A3KP84,A3KP84_DANRE,nan,DANRE,3.0,,,,,,,,1,1,1,,,,
Q8VD48,DHRS9_RAT,nan,RAT,3.0,,,,,,,,,1,1,,1,,
F7EEN4,F7EEN4_XENTR,ENSXETP00000009623,XENTR,3.0,,,,,,,,,1,1,,1,,
B7PF86,B7PF86_IXOSC,nan,IXOSC,3.0,,,,,,,,,,1,,1,1,
Q8HYR6,DHRS9_BOVIN,ENSBTAP00000005986,BOVIN,3.0,,,,,,,,,1,1,,1,,
Q7UPD8,Q7UPD8_RHOBA,nan,RHOBA,3.0,1,,,,,,1,1,,,,,,
B7QBC9,B7QBC9_IXOSC,nan,IXOSC,3.0,,,,,,,,,1,1,,1,,
Q7ZUX4,Q7ZUX4_DANRE,nan,DANRE,3.0,,,,,,,,1,1,1,,,,
Q6PBR3,Q6PBR3_DANRE,nan,DANRE,3.0,,,,,,,1,1,,1,,,,
Q6P0H9,Q6P0H9_DANRE,nan,DANRE,3.0,,,,,,,,1,1,1,,,,
B7PG50,B7PG50_IXOSC,nan,IXOSC,3.0,,,,,,,,,1,1,,1,,
F7GEN5,F7GEN5_ORNAN,ENSOANP00000017956,ORNAN,2.0,,,,,,,,,1,1,,,,
nan,nan,ENSCAFP00000030984,CANFA,2.0,,,,,,,,,1,1,,,,
Q4JK63,Q4JK63_CHICK,nan,CHICK,2.0,,,,,1,,,,,,1,,,
Q9NYR8,RDH8_HUMAN,nan,HUMAN,2.0,,,,,,,,,,1,,,,1
Q7NNW5,Q7NNW5_GLOVI,nan,GLOVI,2.0,,,,,1,,,,,,1,,,
H2TUI7,H2TUI7_TAKRU,ENSTRUP00000028346,TAKRU,2.0,,,,,,,,1,,1,,,,
H2T6R4,H2T6R4_TAKRU,ENSTRUP00000020353,TAKRU,2.0,,,,,1,,,,,,1,,,
F7EET0,F7EET0_XENTR,ENSXETP00000009611,XENTR,2.0,,,,,,,,,1,1,,,,
F7EEW2,F7EEW2_XENTR,ENSXETP00000009607,XENTR,2.0,,,,,,,,,1,1,,,,
Q6IAN0,DRS7B_HUMAN,nan,HUMAN,2.0,,,,,,,1,1,,,,,,
Q9RD20,Q9RD20_STRCO,nan,STRCO,2.0,,,,,1,,,,,,1,,,
H2R2H1,H2R2H1_PANTR,ENSPTRP00000043950,PANTR,2.0,,,,,,,,,1,1,,,,
Q4P703,Q4P703_USTMA,nan,USTMA,2.0,,,,,1,,,,,,1,,,
Q9S1R2,Q9S1R2_STRCO,nan,STRCO,2.0,,,,,,,,1,,1,,,,
nan,nan,ENSXETP00000030828,XENTR,2.0,,,,,1,,,,,,1,,,
H2QFA7,H2QFA7_PANTR,ENSPTRP00000017794,PANTR,2.0,,,,,,,,,,1,,,,1
H2QD23,H2QD23_PANTR,ENSPTRP00000015678,PANTR,2.0,,,,,,,1,,,1,,,,
nan,nan,ENSBTAP00000015565,BOVIN,2.0,,,,,,,,,1,1,,,,
Q58NB6,DHRS9_MOUSE,nan,MOUSE,2.0,,,,,,,,,1,1,,,,
nan,nan,ENSBTAP00000019311,BOVIN,2.0,,,,,1,,,,,,1,,,
Q20840,Q20840_CAEEL,nan,CAEEL,2.0,,,,,,,,,1,1,,,,
H2Q699,H2Q699_PANTR,ENSPTRP00000008693,PANTR,2.0,,,,,,,,,1,1,,,,
H2Q698,H2Q698_PANTR,ENSPTRP00000008692,PANTR,2.0,,,,,,,,,1,1,,,,
nan,nan,ENSRNOP00000062382,RAT,2.0,,,,,,,,,,,,1,1,
nan,nan,ENSCINP00000014174,CIOIN,2.0,,,,,1,,,,,,1,,,
nan,nan,ENSBTAP00000043456,BOVIN,2.0,,,,,,,1,,,1,,,,
nan,nan,ENSBTAP00000045703,BOVIN,2.0,,,,,,,,,1,1,,,,
Q6NX34,Q6NX34_XENTR,ENSXETP00000035392,XENTR,2.0,,,,,,,,,1,1,,,,
G5E8H9,G5E8H9_MOUSE,ENSMUSP00000076735,MOUSE,2.0,,,,,,,,,1,1,,,,
F7H597,F7H597_MACMU,ENSMMUP00000010536,MACMU,2.0,,,,,,,,,1,1,,,,
F7GXD1,F7GXD1_MACMU,ENSMMUP00000005015,MACMU,2.0,,,,,,,,,1,1,,,,
H2QBB5,H2QBB5_PANTR,ENSPTRP00000014053,PANTR,2.0,,,,,,,,,1,1,,,,
Q8K3M1,Q8K3M1_MOUSE,nan,MOUSE,2.0,,,,,,,,,1,1,,,,
Q8K3P0,DR9C7_MOUSE,nan,MOUSE,2.0,,,,,,,,,1,1,,,,
P50233,DHI2_RAT,nan,RAT,2.0,,,,,,,,,1,1,,,,
Q8RF24,Q8RF24_FUSNN,nan,FUSNN,2.0,,,,1,,,,,1,,,,,
Q0PHW6,Q0PHW6_BOVIN,ENSBTAP00000004193,BOVIN,2.0,,,,,,,,,1,1,,,,
P47727,CBR1_RAT,nan,RAT,2.0,,,,,1,,,,,,1,,,
Q8NEX9,DR9C7_HUMAN,nan,HUMAN,2.0,,,,,,,,,1,1,,,,
P48758,CBR1_MOUSE,nan,MOUSE,2.0,,,,,1,,,,,,1,,,
P50170,RDH2_RAT,nan,RAT,2.0,,,,,,,,,1,1,,,,
P51658,DHB2_MOUSE,nan,MOUSE,2.0,,,,,,,,,1,1,,,,
P29147,BDH_RAT,nan,RAT,2.0,,,,,,,,,1,1,,,,
P51661,DHI2_MOUSE,nan,MOUSE,2.0,,,,,,,,,1,1,,,,
P55006,RDH7_RAT,nan,RAT,2.0,,,,,,,,,1,1,,,,
P80365,DHI2_HUMAN,nan,HUMAN,2.0,,,,,,,,,1,1,,,,
Q02337,BDH_BOVIN,ENSBTAP00000000573,BOVIN,2.0,,,,,,,,,1,1,,,,
Q8K5C8,Q8K5C8_MOUSE,nan,MOUSE,2.0,,,,,,,,,1,1,,,,
Q02338,BDH_HUMAN,nan,HUMAN,2.0,,,,,,,,,1,1,,,,
Q8EZ09,Q8EZ09_LEPIN,nan,LEPIN,2.0,1,,,1,,,,,,,,,,
P16152,CBR1_HUMAN,nan,HUMAN,2.0,,,,,1,,,,,,1,,,
H9H7C4,H9H7C4_MONDO,ENSMODP00000024197,MONDO,2.0,,,,,,,,,1,1,,,,
O16881,DHS16_CAEEL,nan,CAEEL,2.0,,,,,,,,,1,1,,,,
Q9N126,RDH8_BOVIN,ENSBTAP00000013443,BOVIN,2.0,,,,,,,,,,1,,,,1
L7N0B8,L7N0B8_CANFA,ENSCAFP00000014160,CANFA,2.0,,,,,1,,,,,,1,,,
Q7SYD0,Q7SYD0_DANRE,nan,DANRE,2.0,,,,,1,,,,,,1,,,
Q0V8D0,Q0V8D0_BOVIN,ENSBTAP00000001829,BOVIN,2.0,,,,,,,,,1,1,,,,
O14756,H17B6_HUMAN,nan,HUMAN,2.0,,,,,,,,,1,1,,,,
Q80XN0,BDH_MOUSE,nan,MOUSE,2.0,,,,,,,,,1,1,,,,
O54753,H17B6_RAT,nan,RAT,2.0,,,,,,,,,1,1,,,,
Q93IY8,Q93IY8_STRCO,nan,STRCO,2.0,,,,,,,1,1,,,,,,
Q8A945,Q8A945_BACTN,nan,BACTN,2.0,1,,,,,,,,,1,,,,
Q9DGM0,Q9DGM0_CHICK,nan,CHICK,2.0,,,,,,,,,1,1,,,,
O54909,O54909_MOUSE,nan,MOUSE,2.0,,,,,,,,,1,1,,,,
Q8CGV4,Q8CGV4_MOUSE,nan,MOUSE,2.0,,,,,,,,,1,1,,,,
O75452,RDH16_HUMAN,nan,HUMAN,2.0,,,,,,,,,1,1,,,,
O88451,RDH7_MOUSE,nan,MOUSE,2.0,,,,,,,,,1,1,,,,
Q9M2E2,SDR1_ARATH,nan,ARATH,2.0,,,,,1,,,,,,1,,,
A0A0A0MP97,A0A0A0MP97_BOVIN,ENSBTAP00000022195,BOVIN,2.0,,,,,,,,,1,1,,,,
H2QKZ8,H2QKZ8_PANTR,ENSPTRP00000023898,PANTR,2.0,,,,,1,,,,,,1,,,
E2R5L2,E2R5L2_CANFA,ENSCAFP00000000217,CANFA,2.0,,,,,,,,,1,1,,,,
B8CG14,B8CG14_THAPS,nan,THAPS,2.0,,,,,1,,,,,,1,,,
A7RYH1,A7RYH1_NEMVE,nan,NEMVE,2.0,,,,,,,,,,1,,,,1
A7S0P8,A7S0P8_NEMVE,nan,NEMVE,2.0,,,,,,,1,,,1,,,,
F1PIU2,F1PIU2_CANFA,ENSCAFP00000000084,CANFA,2.0,,,,,,,,,1,1,,,,
F1NV84,F1NV84_CHICK,ENSGALP00000003466,CHICK,2.0,,,,,,,,,1,1,,,,
B7QLU2,B7QLU2_IXOSC,nan,IXOSC,2.0,,,,,1,,,,,,1,,,
F1MG20,F1MG20_BOVIN,ENSBTAP00000015564,BOVIN,2.0,,,,,,,,,1,1,,,,
B7Q686,B7Q686_IXOSC,nan,IXOSC,2.0,,,,,,,,,1,1,,,,
F1MAS7,F1MAS7_RAT,ENSRNOP00000005919,RAT,2.0,,,,,,,,,1,1,,,,
B7PYT5,B7PYT5_IXOSC,nan,IXOSC,2.0,,,,,,,,,1,1,,,,
C3YKJ2,C3YKJ2_BRAFL,nan,BRAFL,2.0,,,,,,,,,1,1,,,,
C3YVT4,C3YVT4_BRAFL,nan,BRAFL,2.0,,,,,,,,,1,1,,,,
C3Z1M4,C3Z1M4_BRAFL,nan,BRAFL,2.0,,,,,,,,,1,1,,,,
E2RCC5,E2RCC5_CANFA,ENSCAFP00000019689,CANFA,2.0,,,,,,,,,1,1,,,,
E1C781,E1C781_CHICK,nan,CHICK,2.0,,,,,,,,,1,1,,,,
C3YIA6,C3YIA6_BRAFL,nan,BRAFL,2.0,,,,,,,,,1,1,,,,
E1C6C8,E1C6C8_CHICK,nan,CHICK,2.0,,,,,,,,,1,1,,,,
D4A8D2,D4A8D2_RAT,nan,RAT,2.0,,,,,,,,,,1,,,,1
C3Z8P1,C3Z8P1_BRAFL,nan,BRAFL,2.0,,,,,1,,,,,,1,,,
A9U7E0,A9U7E0_PHYPA,nan,PHYPA,2.0,,,,,,,1,,,1,,,,
C4Q6K3,nan,nan,nan,2.0,,,,,1,,,,,,1,,,
A9U7F9,A9U7F9_PHYPA,nan,PHYPA,2.0,,,,,1,,,,,,1,,,
A9ULI6,A9ULI6_XENTR,ENSXETP00000009606,XENTR,2.0,,,,,,,,,1,1,,,,
C4A125,C4A125_BRAFL,nan,BRAFL,2.0,,,,,1,,,,,,1,,,
C3ZEQ0,C3ZEQ0_BRAFL,nan,BRAFL,2.0,,,,,,,,,1,1,,,,
C3ZEQ9,C3ZEQ9_BRAFL,nan,BRAFL,2.0,,,,,,,,,1,1,,,,
C3ZEQ1,C3ZEQ1_BRAFL,nan,BRAFL,2.0,,,,,,,,,1,1,,,,
C3ZEQ6,C3ZEQ6_BRAFL,nan,BRAFL,2.0,,,,,,,,,,1,,1,,
C3ZEQ5,C3ZEQ5_BRAFL,nan,BRAFL,2.0,,,,,,,,,1,1,,,,
C3ZEQ2,C3ZEQ2_BRAFL,nan,BRAFL,2.0,,,,,,,,,1,1,,,,
B8E208,B8E208_DICTD,nan,DICTD,2.0,,,,,1,,,,,,1,,,
F1PDA8,F1PDA8_CANFA,ENSCAFP00000000212,CANFA,2.0,,,,,,,,,1,1,,,,
F6YEY9,F6YEY9_ORNAN,ENSOANP00000013930,ORNAN,2.0,,,,,,,,,1,1,,,,
C3XTR6,C3XTR6_BRAFL,nan,BRAFL,2.0,,,,,,,,,1,1,,,,
F7D1C5,F7D1C5_MACMU,ENSMMUP00000027080,MACMU,2.0,,,,,1,,,,,,1,,,
A4IFM3,DR9C7_BOVIN,ENSBTAP00000017885,BOVIN,2.0,,,,,,,,,1,1,,,,
C3YI16,C3YI16_BRAFL,nan,BRAFL,2.0,,,,,,,,,1,1,,,,
C3YI13,C3YI13_BRAFL,nan,BRAFL,2.0,,,,,,,,,1,1,,,,
C3YDT9,C3YDT9_BRAFL,nan,BRAFL,2.0,,,,,,,,,1,1,,,,
F7ACA6,F7ACA6_XENTR,ENSXETP00000010210,XENTR,2.0,,,,,,,,,1,1,,,,
F7A368,F7A368_MACMU,ENSMMUP00000000730,MACMU,2.0,,,,,,,,,1,1,,,,
C3YDT8,C3YDT8_BRAFL,nan,BRAFL,2.0,,,,,,,,,1,1,,,,
F6YT90,F6YT90_MONDO,ENSMODP00000009820,MONDO,2.0,,,,,,,,,1,1,,,,
F6YF10,F6YF10_MONDO,ENSMODP00000002613,MONDO,2.0,,,,1,,,,,,1,,,,
F6RPF1,F6RPF1_XENTR,ENSXETP00000007492,XENTR,2.0,,,,,,,,,1,1,,,,
C3Y5N1,C3Y5N1_BRAFL,nan,BRAFL,2.0,,,,,,,,,1,1,,,,
F6Y994,F6Y994_ORNAN,ENSOANP00000015491,ORNAN,2.0,,,,,1,,,,,,1,,,
F6XP58,F6XP58_MACMU,ENSMMUP00000017332,MACMU,2.0,,,,,,,1,1,,,,,,
C3ZEQ3,C3ZEQ3_BRAFL,nan,BRAFL,2.0,,,,,,,,,,1,,1,,
A7RGK5,A7RGK5_NEMVE,nan,NEMVE,2.0,,,,,1,,,,,,1,,,
F6TML1,F6TML1_MACMU,ENSMMUP00000002705,MACMU,2.0,,,,,,,,,1,1,,,,
F6RYU3,F6RYU3_CIOIN,ENSCINP00000015221,CIOIN,2.0,,,,,,,,,1,1,,,,
C3XTR5,C3XTR5_BRAFL,nan,BRAFL,2.0,,,,,,,,,1,1,,,,
F6WND2,F6WND2_ORNAN,ENSOANP00000013555,ORNAN,2.0,,,,,,,,,1,1,,,,
F6VW67,F6VW67_ORNAN,ENSOANP00000013360,ORNAN,2.0,,,,,,,,,1,1,,,,
F6VK38,F6VK38_MONDO,ENSMODP00000026317,MONDO,2.0,,,,,1,,,,,,1,,,
F6SYU6,F6SYU6_MACMU,ENSMMUP00000018186,MACMU,2.0,,,,,,,,,1,1,,,,
F6URW4,F6URW4_MACMU,ENSMMUP00000014684,MACMU,2.0,,,,,,,,,,1,,,,1
Q5KEH8,Q5KEH8_CRYNJ,nan,CRYNJ,1.0,,,,,,,,,1,,,,,
B0YCW6,B0YCW6_ASPFC,nan,ASPFC,1.0,,,,,,,,,,1,,,,
B0YF36,B0YF36_ASPFC,nan,ASPFC,1.0,,,,,,,,,,,1,,,
B0YF33,B0YF33_ASPFC,nan,ASPFC,1.0,,,,,,,,,,,1,,,
B8C418,B8C418_THAPS,nan,THAPS,1.0,,,,,,,,,,,1,,,
Q872E5,Q872E5_NEUCS,nan,NEUCR,1.0,,,,,,,,,,1,,,,
Q869L6,Q869L6_DICDI,nan,DICDI,1.0,,,,,,,,,,1,,,,
Q55E92,Q55E92_DICDI,nan,DICDI,1.0,,,,,,,,,,1,,,,
Q6CH02,Q6CH02_YARLI,nan,YARLI,1.0,,,,,,,,,,1,,,,
Q559N8,Q559N8_DICDI,nan,DICDI,1.0,,,,,,,,,,1,,,,
Q89BG7,Q89BG7_BRADU,nan,BRADU,1.0,,,,,,,,,,1,,,,
B0Y915,B0Y915_ASPFC,nan,ASPFC,1.0,,,,,,,,,,,1,,,
Q59V93,MKAR_CANAL,nan,CANAL,1.0,,,,,,,,,,,1,,,
Q7T2J0,Q7T2J0_DANRE,nan,DANRE,1.0,,,,,,,,,,1,,,,
B8C346,B8C346_THAPS,nan,THAPS,1.0,,,,,,,,,,,1,,,
Q7Q732,DHRS7_ANOGA,nan,ANOGA,1.0,,,,,,,1,,,,,,,
Q7T2I9,Q7T2I9_DANRE,nan,DANRE,1.0,,,,,,,,,,1,,,,
Q75JD9,Q75JD9_DICDI,nan,DICDI,1.0,,,,,,,,,,1,,,,
Q7T2I8,Q7T2I8_DANRE,nan,DANRE,1.0,,,,,,,,,,1,,,,
Q8A7U1,Q8A7U1_BACTN,nan,BACTN,1.0,,,,,,,,,,,,1,,
B2GV72,B2GV72_RAT,nan,RAT,1.0,,,,,,,,,,,1,,,
B7PIE2,B7PIE2_IXOSC,nan,IXOSC,1.0,,,,,,,,,,1,,,,
B7PNT9,B7PNT9_IXOSC,nan,IXOSC,1.0,,,,,,,,,,1,,,,
B8E344,B8E344_DICTD,nan,DICTD,1.0,,,,,,,,,,,1,,,
Q7S2N5,nan,nan,nan,1.0,,,,,,,,,,1,,,,
Q5KB48,Q5KB48_CRYNJ,nan,CRYNJ,1.0,,,,,,,,,,,,,1,
Q7RYE5,MKAR_NEUCR,nan,NEUCR,1.0,,,,,,,,,,,1,,,
Q7RXR0,Q7RXR0_NEUCR,nan,NEUCR,1.0,,,,,,,,,,1,,,,
Q6CHP1,MKAR_YARLI,nan,YARLI,1.0,,,,,,,,,,,1,,,
Q8TR63,Q8TR63_METAC,nan,METAC,1.0,,,,,,,,,,1,,,,
B0Y1W5,B0Y1W5_ASPFC,nan,ASPFC,1.0,,,,,,,,,,,1,,,
A7SME7,A7SME7_NEMVE,nan,NEMVE,1.0,,,,,,,,,,1,,,,
Q9P324,YI78_SCHPO,nan,SCHPO,1.0,,,,,,,,,,1,,,,
A7S0Q0,A7S0Q0_NEMVE,nan,NEMVE,1.0,,,,,,,,,,1,,,,
Q9SGV6,Q9SGV6_ARATH,nan,ARATH,1.0,,,,,,,,,,,1,,,
A7RYH0,A7RYH0_NEMVE,nan,NEMVE,1.0,,,,,,,,,,1,,,,
Q9Y394,DHRS7_HUMAN,nan,HUMAN,1.0,,,,,,,,1,,,,,,
Q9ZUH5,SDR2B_ARATH,nan,ARATH,1.0,,,,,,,,,,,1,,,
A7RSA6,A7RSA6_NEMVE,nan,NEMVE,1.0,,,,,,,,,,1,,,,
nan,nan,ENSBTAP00000040874,BOVIN,1.0,,,,,,,,,,,1,,,
A7F8T1,MKAR_SCLS1,nan,SCLS1,1.0,,,,,,,,,,,1,,,
A7F8K8,A7F8K8_SCLS1,nan,SCLS1,1.0,,,,,,,,,,,1,,,
A7EVL5,A7EVL5_SCLS1,nan,SCLS1,1.0,,,,,,,,,,1,,,,
A7EPH3,A7EPH3_SCLS1,nan,SCLS1,1.0,,,,,,,,,,1,,,,
A7EP93,A7EP93_SCLS1,nan,SCLS1,1.0,,,,,,,,,,,1,,,
nan,nan,ENSCINP00000019926,CIOIN,1.0,,,,1,,,,,,,,,,
nan,nan,ENSGALP00000009412,CHICK,1.0,,,,,,,,,,1,,,,
A7EMA1,A7EMA1_SCLS1,nan,SCLS1,1.0,,,,,,,,,,1,,,,
A7EFK8,A7EFK8_SCLS1,nan,SCLS1,1.0,,,,,,,,,,,1,,,
nan,nan,ENSMODP00000026316,MONDO,1.0,,,,,,,,,,,1,,,
A7E4T0,A7E4T0_SCLS1,nan,SCLS1,1.0,,,,,,,,,,1,,,,
nan,nan,ENSMODP00000035438,MONDO,1.0,,,,,,,,,,,1,,,
A6NNS2,DRS7C_HUMAN,nan,HUMAN,1.0,,,,,,,,1,,,,,,
A7SF98,A7SF98_NEMVE,nan,NEMVE,1.0,,,,,,,,,,,1,,,
A7T7M2,A7T7M2_NEMVE,nan,NEMVE,1.0,,,,,,,,,,1,,,,
B0XZH4,B0XZH4_ASPFC,nan,ASPFC,1.0,,,,,,,,,,,1,,,
Q9M198,Q9M198_ARATH,nan,ARATH,1.0,,,,,,,,,,,1,,,
Q8EY23,Q8EY23_LEPIN,nan,LEPIN,1.0,,,,,,,,,1,,,,,
B0XST3,B0XST3_ASPFC,nan,ASPFC,1.0,,,,,,,,,,,1,,,
B0XSI3,MKAR_ASPFC,nan,ASPFC,1.0,,,,,,,,,,,1,,,
Q8K354,CBR3_MOUSE,nan,MOUSE,1.0,,,,,,,,,,,1,,,
B0XRP8,B0XRP8_ASPFC,nan,ASPFC,1.0,,,,,,,,,,1,,,,
B0XRE3,B0XRE3_ASPFC,nan,ASPFC,1.0,,,,,,,,,,1,,,,
A9WJQ0,A9WJQ0_CHLAA,nan,CHLAA,1.0,,,,,,,,,1,,,,,
A9WDL4,A9WDL4_CHLAA,nan,CHLAA,1.0,,,,,,,,,1,,,,,
Q8RWK2,Q8RWK2_ARATH,nan,ARATH,1.0,,,,,,,,,,,1,,,
Q54YC1,Q54YC1_DICDI,nan,DICDI,1.0,,,,,,,,,,1,,,,
A9SKG4,A9SKG4_PHYPA,nan,PHYPA,1.0,,,,,,,,,,,1,,,
Q93545,Q93545_CAEEL,nan,CAEEL,1.0,,,,,,,,,,,,1,,
A9SDF3,A9SDF3_PHYPA,nan,PHYPA,1.0,,,,,,,,,,,1,,,
A8MQD9,A8MQD9_ARATH,nan,ARATH,1.0,,,,,,,,,,,1,,,
Q94K30,Q94K30_ARATH,nan,ARATH,1.0,,,,,,,,,,,1,,,
Q97ZA0,Q97ZA0_SULSO,nan,SULSO,1.0,1,,,,,,,,,,,,,
Q99J47,DRS7B_MOUSE,nan,MOUSE,1.0,,,,,,,1,,,,,,,
A8BKX5,A8BKX5_GIAIC,nan,GIAIC,1.0,,,,1,,,,,,,,,,
Q9DF44,Q9DF44_DANRE,nan,DANRE,1.0,,,,,,,,,,,1,,,
A7UXE1,nan,nan,nan,1.0,,,,,,,,,,,1,,,
Q9FI45,Q9FI45_ARATH,nan,ARATH,1.0,,,,,,,,,,,1,,,
Q556S5,Q556S5_DICDI,nan,DICDI,1.0,,,,,,,,,,,1,,,
F7DTY0,F7DTY0_XENTR,ENSXETP00000013330,XENTR,1.0,,,,,,,1,,,,,,,
Q54WM6,Q54WM6_DICDI,nan,DICDI,1.0,,,,,,,,,,1,,,,
F1PLI4,F1PLI4_CANFA,ENSCAFP00000027345,CANFA,1.0,,,,1,,,,,,,,,,
F1NH35,F1NH35_CHICK,ENSGALP00000007580,CHICK,1.0,,,,,,,,1,,,,,,
O22985,O22985_ARATH,nan,ARATH,1.0,,,,,,,,,,,1,,,
E7F0C2,E7F0C2_DANRE,ENSDARP00000010414,DANRE,1.0,,,,,,,,,,1,,,,
E2RIN9,E2RIN9_CANFA,ENSCAFP00000014156,CANFA,1.0,,,,,,,,,,,1,,,
O74628,YQ53_SCHPO,nan,SCHPO,1.0,,,,,,,,,,1,,,,
E2RI88,E2RI88_CANFA,ENSCAFP00000022032,CANFA,1.0,,,,,,,,,,1,,,,
O75828,CBR3_HUMAN,nan,HUMAN,1.0,,,,,,,,,,,1,,,
E2RGJ8,E2RGJ8_CANFA,ENSCAFP00000021331,CANFA,1.0,,,,,,,,,,,1,,,
E2RCG9,E2RCG9_CANFA,ENSCAFP00000026514,CANFA,1.0,,,,,,,,,,1,,,,
P14061,DHB1_HUMAN,nan,HUMAN,1.0,,,,,,,,,,1,,,,
P38286,MKAR_YEAST,nan,YEAST,1.0,,,,,,,,,,,1,,,
D4ADW7,nan,nan,nan,1.0,,,,,,,,,,,1,,,
D3ZBV0,nan,nan,nan,1.0,,,,,,,,,,1,,,,
D3Z6W3,D3Z6W3_MOUSE,nan,MOUSE,1.0,,,,,,,,,,1,,,,
C9JHT4,nan,nan,nan,1.0,,,,,,,,,,1,,,,
P51656,DHB1_MOUSE,nan,MOUSE,1.0,,,,,,,,,,1,,,,
P51657,DHB1_RAT,nan,RAT,1.0,,,,,,,,,,1,,,,
C7FZY1,C7FZY1_DICDI,nan,DICDI,1.0,,,,,,,,,,1,,,,
C4Q6K0,nan,nan,nan,1.0,,,,,,,,,,,1,,,
P71564,nan,nan,nan,1.0,,,,,,,1,,,,,,,
C4A123,C4A123_BRAFL,nan,BRAFL,1.0,,,,,,,,,,,1,,,
L7N0B9,L7N0B9_CANFA,ENSCAFP00000014164,CANFA,1.0,,,,,,,,,,,1,,,
F6PTX1,F6PTX1_ORNAN,ENSOANP00000009046,ORNAN,1.0,,,,,,,,,,1,,,,
Q54WA9,Q54WA9_DICDI,nan,DICDI,1.0,,,,,,,,,,1,,,,
F6PX39,F6PX39_ORNAN,ENSOANP00000012322,ORNAN,1.0,,,,,,,1,,,,,,,
F7EI25,F7EI25_MACMU,ENSMMUP00000028771,MACMU,1.0,,,,,,,,,,,1,,,
F7ERI7,F7ERI7_MONDO,ENSMODP00000006173,MONDO,1.0,,,,,,,,,,1,,,,
F7BUV4,F7BUV4_MACMU,ENSMMUP00000032886,MACMU,1.0,,,,,,,,1,,,,,,
F7BSH6,F7BSH6_XENTR,ENSXETP00000035101,XENTR,1.0,,,,,,,,,,1,,,,
F7G656,F7G656_MONDO,ENSMODP00000018644,MONDO,1.0,,,,,,,,,,1,,,,
F7BCU1,F7BCU1_MONDO,ENSMODP00000001723,MONDO,1.0,,,,,,,1,,,,,,,
F7GG40,F7GG40_MONDO,ENSMODP00000037994,MONDO,1.0,,,,,,,,,,,1,,,
F6ZP06,F6ZP06_MONDO,ENSMODP00000016114,MONDO,1.0,,,,,,,,,,1,,,,
H2Q8E4,H2Q8E4_PANTR,ENSPTRP00000010870,PANTR,1.0,,,,,,,,1,,,,,,
H2QC93,H2QC93_PANTR,ENSPTRP00000014924,PANTR,1.0,,,,,,,,1,,,,,,
H2QCG0,H2QCG0_PANTR,ENSPTRP00000015173,PANTR,1.0,,,,,,,,1,,,,,,
H2QD22,H2QD22_PANTR,ENSPTRP00000015677,PANTR,1.0,,,,,,,,,,1,,,,
F6WV03,F6WV03_ORNAN,ENSOANP00000009722,ORNAN,1.0,,,,,,,,,,1,,,,
H2QKZ9,H2QKZ9_PANTR,ENSPTRP00000023900,PANTR,1.0,,,,,,,,,,,1,,,
H2SLN6,H2SLN6_TAKRU,ENSTRUP00000013322,TAKRU,1.0,,,,,,,,,,1,,,,
F6RU66,F6RU66_XENTR,ENSXETP00000033174,XENTR,1.0,,,,,,,,,,1,,,,
H2UL76,H2UL76_TAKRU,ENSTRUP00000037697,TAKRU,1.0,,,,,,,,,,1,,,,
H2UPG6,H2UPG6_TAKRU,ENSTRUP00000038837,TAKRU,1.0,,,,,,,,,,1,,,,
H2UZY9,H2UZY9_TAKRU,ENSTRUP00000042519,TAKRU,1.0,,,,,,,,,,1,,,,
F6R9X5,F6R9X5_MACMU,ENSMMUP00000013544,MACMU,1.0,,,,,,,,,,,1,,,
F6QBR0,F6QBR0_XENTR,ENSXETP00000047722,XENTR,1.0,,,,,,,,,,1,,,,
C3ZZZ8,C3ZZZ8_BRAFL,nan,BRAFL,1.0,,,,,,,,,,1,,,,
C3ZGZ6,C3ZGZ6_BRAFL,nan,BRAFL,1.0,,,,,,,,,,,1,,,
Q0TVH2,Q0TVH2_PHANO,nan,PHANO,1.0,,,,,,,,,,,1,,,
Q0TYM1,Q0TYM1_PHANO,nan,PHANO,1.0,,,,,,,,,,1,,,,
Q501A2,Q501A2_ARATH,nan,ARATH,1.0,,,,,,,,,,,1,,,
Q504A4,Q504A4_DANRE,nan,DANRE,1.0,,,,,,,,,,1,,,,
Q54D21,Q54D21_DICDI,nan,DICDI,1.0,,,,,,,,,,1,,,,
Q54EI4,Q54EI4_DICDI,nan,DICDI,1.0,,,,,,,,,,1,,,,
F7DSI5,F7DSI5_XENTR,ENSXETP00000049737,XENTR,1.0,,,,,,,,,,1,,,,
Q54FW2,Q54FW2_DICDI,nan,DICDI,1.0,,,,,,,,,,1,,,,
Q54G79,Q54G79_DICDI,nan,DICDI,1.0,,,,,,,,,,1,,,,
Q54HW7,Q54HW7_DICDI,nan,DICDI,1.0,,,,,,,,,,1,,,,
Q54HZ1,Q54HZ1_DICDI,nan,DICDI,1.0,,,,,,,,,,1,,,,
Q54HZ2,Q54HZ2_DICDI,nan,DICDI,1.0,,,,,,,,,,1,,,,
Q54IQ3,Q54IQ3_DICDI,nan,DICDI,1.0,,,,,,,,,,1,,,,
Q54L76,Q54L76_DICDI,nan,DICDI,1.0,,,,,,,,,,1,,,,
Q54L77,Q54L77_DICDI,nan,DICDI,1.0,,,,,,,,,,1,,,,
Q54L79,Q54L79_DICDI,nan,DICDI,1.0,,,,,,,,,,1,,,,
Q54LM1,Q54LM1_DICDI,nan,DICDI,1.0,,,,,,,,,,,1,,,
Q54PM9,Q54PM9_DICDI,nan,DICDI,1.0,,,,,,,,,,1,,,,
Q54PU9,Q54PU9_DICDI,nan,DICDI,1.0,,,,,,,,,,1,,,,
Q54Q00,Q54Q00_DICDI,nan,DICDI,1.0,,,,,,,,,,1,,,,
Q54Q01,Q54Q01_DICDI,nan,DICDI,1.0,,,,,,,,,,1,,,,
Q54QC9,Q54QC9_DICDI,nan,DICDI,1.0,,,,,,,,,,1,,,,
Q54TM0,Q54TM0_DICDI,nan,DICDI,1.0,,,,,,,,,,1,,,,
Q4PDJ8,Q4PDJ8_USTMA,nan,USTMA,1.0,,,,,,,,,,,1,,,
Q4P622,MKAR_USTMA,nan,USTMA,1.0,,,,,,,,,,,1,,,
Q4P2S3,Q4P2S3_USTMA,nan,USTMA,1.0,,,,1,,,,,,,,,,
Q0UZK8,Q0UZK8_PHANO,nan,PHANO,1.0,,,,,,,,,,,1,,,
Q0U3N7,MKAR_PHANO,nan,PHANO,1.0,,,,,,,,,,,1,,,
Q0U5D0,Q0U5D0_PHANO,nan,PHANO,1.0,,,,,,,,,,,1,,,
Q0UAH4,Q0UAH4_PHANO,nan,PHANO,1.0,,,,,,,,,,,1,,,
Q0UDE7,Q0UDE7_PHANO,nan,PHANO,1.0,,,,,,,,,,,1,,,
Q0UEA1,Q0UEA1_PHANO,nan,PHANO,1.0,,,,,,,,,,1,,,,
Q0UIY4,Q0UIY4_PHANO,nan,PHANO,1.0,,,,,,,,,,,1,,,
Q0UKS8,Q0UKS8_PHANO,nan,PHANO,1.0,,,,,,,,,,,1,,,
Q0UNI1,Q0UNI1_PHANO,nan,PHANO,1.0,,,,,,,,,,1,,,,
Q0UQC2,Q0UQC2_PHANO,nan,PHANO,1.0,,,,,,,,,,1,,,,
Q0V189,Q0V189_PHANO,nan,PHANO,1.0,,,,,,,,,,,1,,,
C3YVC6,C3YVC6_BRAFL,nan,BRAFL,1.0,,,,,,,,,,,1,,,
Q0V195,Q0V195_PHANO,nan,PHANO,1.0,,,,,,,,,,,1,,,
Q0VC97,Q0VC97_BOVIN,ENSBTAP00000024873,BOVIN,1.0,,,,,,,,,,,1,,,
Q10245,MKAR_SCHPO,nan,SCHPO,1.0,,,,,,,,,,,1,,,
Q11150,nan,nan,nan,1.0,,,,1,,,,,,,,,,
C3Z8S8,C3Z8S8_BRAFL,nan,BRAFL,1.0,,,,,,,,,,1,,,,
C3Z8P0,C3Z8P0_BRAFL,nan,BRAFL,1.0,,,,,,,,,,,1,,,
Q1WNP3,Q1WNP3_MACMU,ENSMMUP00000012940,MACMU,1.0,,,,,,,,,,1,,,,
Q1ZXE5,Q1ZXE5_DICDI,nan,DICDI,1.0,,,,,,,,,,1,,,,
C3Z0N7,C3Z0N7_BRAFL,nan,BRAFL,1.0,,,,,,,,,,1,,,,
Q54EI5,Q54EI5_DICDI,nan,DICDI,1.0,,,,,,,,,,1,,,,
