ACC,ENTRY,ENS,SPEC,COUNT,InParanoid,InParanoidCore,OMA_Groups,OMA_Pairs,PANTHER8_LDO,RBH,RSD,Orthoinspector,Hieranoid_2,EnsemblCompara_v2,PANTHER8_all,Metaphors,PhylomeDB,EggNOG
A7SLD9,A7SLD9_NEMVE,nan,NEMVE,5.0,,,,,,1,1,,1,1,1,,,
Q3TXZ1,ZN575_MOUSE,nan,MOUSE,2.0,,,,,,,,,1,,1,,,
H2QGH7,H2QGH7_PANTR,ENSPTRP00000019036,PANTR,2.0,,,,,,,,,1,,1,,,
D2DPB0,D2DPB0_CHICK,nan,CHICK,2.0,,,,,,,,,1,,1,,,
F6UV56,F6UV56_MONDO,ENSMODP00000024360,MONDO,2.0,,,,,,,,,1,,1,,,
A8WGA5,A8WGA5_DANRE,nan,DANRE,2.0,,,,,,,,,1,,1,,,
Q0US34,Q0US34_PHANO,nan,PHANO,2.0,,,,,,1,,,,,1,,,
Q940P2,Q940P2_ARATH,nan,ARATH,2.0,,,,,,,,,1,,1,,,
H2T2L0,H2T2L0_TAKRU,ENSTRUP00000018898,TAKRU,2.0,,,,,,,,,1,,1,,,
Q84MZ4,Q84MZ4_ARATH,nan,ARATH,2.0,,,,,,,,,1,,1,,,
Q86XF7,ZN575_HUMAN,nan,HUMAN,2.0,,,,,,,,,1,,1,,,
Q91367,Q91367_DANRE,nan,DANRE,2.0,,,,,,,,,1,,1,,,
Q90414,Q90414_DANRE,nan,DANRE,2.0,,,,,,,,,1,,1,,,
B7P6U9,B7P6U9_IXOSC,nan,IXOSC,2.0,,,,,,,,,1,,1,,,
F7H9B0,F7H9B0_MACMU,ENSMMUP00000022838,MACMU,2.0,,,,,,,,,1,,1,,,
Q8BTH6,SCRT2_MOUSE,nan,MOUSE,2.0,,,,,,,,,1,,1,,,
F7B111,F7B111_MACMU,ENSMMUP00000037757,MACMU,2.0,,,,,,,,,1,,1,,,
C4Q885,nan,nan,nan,2.0,,,,,,,,,1,1,,,,
C3YG92,C3YG92_BRAFL,nan,BRAFL,2.0,,,,,,,,,1,,1,,,
F6RY75,F6RY75_BOVIN,ENSBTAP00000041334,BOVIN,2.0,,,,,,,,,1,,1,,,
nan,nan,ENSBTAP00000041805,BOVIN,2.0,,,,,,,,,1,,1,,,
nan,nan,ENSCINP00000001305,CIOIN,2.0,,,,,,,,,1,,1,,,
E2RFN9,E2RFN9_CANFA,ENSCAFP00000007080,CANFA,2.0,,,,,,,,,1,,1,,,
H2U5H4,H2U5H4_TAKRU,ENSTRUP00000032190,TAKRU,2.0,,,,,,,,,1,,1,,,
H2U2H5,H2U2H5_TAKRU,ENSTRUP00000031136,TAKRU,2.0,,,,,,,,,1,,1,,,
H9H426,H9H426_MACMU,ENSMMUP00000025313,MACMU,2.0,,,,,,,,,1,,1,,,
H2TXK9,H2TXK9_TAKRU,ENSTRUP00000029418,TAKRU,2.0,,,,,,,,,1,,1,,,
B7QGU1,B7QGU1_IXOSC,nan,IXOSC,2.0,,,,,,,,,1,,1,,,
B7QG60,B7QG60_IXOSC,nan,IXOSC,2.0,,,,,,,,,1,,1,,,
Q54J63,Q54J63_DICDI,nan,DICDI,2.0,,,,,,1,1,,,,,,,
F6X2S7,F6X2S7_MACMU,ENSMMUP00000031851,MACMU,2.0,,,,,,,,,1,,1,,,
Q9NQ03,SCRT2_HUMAN,nan,HUMAN,2.0,,,,,,,,,1,,1,,,
D3ZNS5,D3ZNS5_RAT,nan,RAT,2.0,,,,,,,,,1,,1,,,
nan,nan,ENSXETP00000044954,XENTR,2.0,,,,,,,,,1,,1,,,
Q9BWW7,SCRT1_HUMAN,nan,HUMAN,2.0,,,,,,,,,1,,1,,,
Q6YI50,Q6YI50_DANRE,nan,DANRE,2.0,,,,,,,,,1,,1,,,
B7Q2E6,B7Q2E6_IXOSC,nan,IXOSC,2.0,,,,,,,,,1,,1,,,
Q7Q5A9,Q7Q5A9_ANOGA,nan,ANOGA,2.0,,,,,,,,,1,,1,,,
Q7PP82,Q7PP82_ANOGA,nan,ANOGA,2.0,,,,,,,,,1,,1,,,
D4A919,D4A919_RAT,nan,RAT,2.0,,,,,,,,,1,,1,,,
D4AB91,D4AB91_RAT,nan,RAT,2.0,,,,,,,,,1,,1,,,
Q58EI7,Q58EI7_DANRE,nan,DANRE,2.0,,,,,,,,,1,,1,,,
B7Q7P3,B7Q7P3_IXOSC,nan,IXOSC,2.0,,,,,,,,,1,,1,,,
Q9VBN9,Q9VBN9_DROME,nan,DROME,2.0,,,,,,,,,,1,1,,,
Q9VDZ3,SQZ_DROME,nan,DROME,2.0,,,,,,,,,1,,1,,,
Q99M85,SCRT1_MOUSE,nan,MOUSE,2.0,,,,,,,,,1,,1,,,
Q58EN9,Q58EN9_DANRE,nan,DANRE,2.0,,,,,,,,,1,,1,,,
H2R3A0,H2R3A0_PANTR,ENSPTRP00000045151,PANTR,1.0,,,,,,,,,1,,,,,
H2QEX5,H2QEX5_PANTR,ENSPTRP00000017415,PANTR,1.0,,,,,,,,,1,,,,,
H2QAX5,H2QAX5_PANTR,ENSPTRP00000013672,PANTR,1.0,,,,,,,,,1,,,,,
H2R3J6,H2R3J6_PANTR,ENSPTRP00000045640,PANTR,1.0,,,,,,,,,,,1,,,
H2QBQ2,H2QBQ2_PANTR,ENSPTRP00000014425,PANTR,1.0,,,,,,,,,,,1,,,
H2QDI3,H2QDI3_PANTR,ENSPTRP00000016035,PANTR,1.0,,,,,,,,,,,1,,,
H2QWU1,H2QWU1_PANTR,ENSPTRP00000035311,PANTR,1.0,,,,,,,,,1,,,,,
H2R0V6,H2R0V6_PANTR,ENSPTRP00000041331,PANTR,1.0,,,,,,,,,1,,,,,
H2R2P2,H2R2P2_PANTR,ENSPTRP00000044259,PANTR,1.0,,,,,,,,,,,1,,,
H2QFH4,H2QFH4_PANTR,ENSPTRP00000018005,PANTR,1.0,,,,,,,,,1,,,,,
H2QG56,H2QG56_PANTR,ENSPTRP00000018647,PANTR,1.0,,,,,,,,,1,,,,,
H2QW52,H2QW52_PANTR,ENSPTRP00000034651,PANTR,1.0,,,,,,,,,,,1,,,
H2QJA7,H2QJA7_PANTR,ENSPTRP00000021975,PANTR,1.0,,,,,,,,,1,,,,,
H2QWW6,H2QWW6_PANTR,ENSPTRP00000035402,PANTR,1.0,,,,,,,,,1,,,,,
H2QK02,H2QK02_PANTR,ENSPTRP00000022777,PANTR,1.0,,,,,,,,,1,,,,,
H2QLI5,H2QLI5_PANTR,ENSPTRP00000024578,PANTR,1.0,,,,,,,,,,,1,,,
H2QVK9,H2QVK9_PANTR,ENSPTRP00000033976,PANTR,1.0,,,,,,,,,1,,,,,
H2QAG6,H2QAG6_PANTR,ENSPTRP00000013145,PANTR,1.0,,,,,,,,,1,,,,,
A0JMM0,A0JMM0_DANRE,nan,DANRE,1.0,,,,,,,,,,,1,,,
H2Q1U3,H2Q1U3_PANTR,ENSPTRP00000004206,PANTR,1.0,,,,,,,,,1,,,,,
H2Q614,H2Q614_PANTR,ENSPTRP00000008518,PANTR,1.0,,,,,,,,,1,,,,,
F7GBR4,F7GBR4_MACMU,ENSMMUP00000007342,MACMU,1.0,,,,,,,,,1,,,,,
F7H2W0,F7H2W0_MACMU,ENSMMUP00000010569,MACMU,1.0,,,,,,,,,1,,,,,
F7GXZ5,F7GXZ5_MACMU,ENSMMUP00000003961,MACMU,1.0,,,,,,,,,1,,,,,
F7GR08,F7GR08_MACMU,ENSMMUP00000040283,MACMU,1.0,,,,,,,,,1,,,,,
F7GQM1,F7GQM1_MACMU,ENSMMUP00000040705,MACMU,1.0,,,,,,,,,1,,,,,
F7GLK4,F7GLK4_MACMU,ENSMMUP00000002356,MACMU,1.0,,,,,,,,,1,,,,,
F7GKA7,F7GKA7_MACMU,ENSMMUP00000040761,MACMU,1.0,,,,,,,,,1,,,,,
F7GGV3,F7GGV3_MACMU,ENSMMUP00000007061,MACMU,1.0,,,,,,,,,1,,,,,
F7GFQ5,F7GFQ5_MONDO,ENSMODP00000006812,MONDO,1.0,,,,,,,,,1,,,,,
F7GA43,F7GA43_MONDO,ENSMODP00000030982,MONDO,1.0,,,,,,,,,1,,,,,
F7HBJ1,F7HBJ1_MACMU,ENSMMUP00000008531,MACMU,1.0,,,,,,,,,1,,,,,
F7G989,F7G989_MACMU,ENSMMUP00000014010,MACMU,1.0,,,,,,,,,1,,,,,
F7G5V0,F7G5V0_ORNAN,ENSOANP00000014881,ORNAN,1.0,,,,,,,,,1,,,,,
F7FWN0,F7FWN0_MACMU,ENSMMUP00000026508,MACMU,1.0,,,,,,,,,1,,,,,
F7FUW2,F7FUW2_ORNAN,ENSOANP00000007536,ORNAN,1.0,,,,,,,,,1,,,,,
F7FPY3,F7FPY3_MACMU,ENSMMUP00000021280,MACMU,1.0,,,,,,,,,,,1,,,
F7FFC8,F7FFC8_MONDO,ENSMODP00000022572,MONDO,1.0,,,,,,,,,,,1,,,
F7FEA8,F7FEA8_MACMU,ENSMMUP00000016519,MACMU,1.0,,,,,,,,,1,,,,,
F7F625,F7F625_MONDO,ENSMODP00000037477,MONDO,1.0,,,,,,,,,1,,,,,
F7H8J1,F7H8J1_MACMU,ENSMMUP00000012100,MACMU,1.0,,,,,,,,,1,,,,,
F7HJI4,F7HJI4_MACMU,ENSMMUP00000000267,MACMU,1.0,,,,,,,,,1,,,,,
H2Q5D3,H2Q5D3_PANTR,ENSPTRP00000007906,PANTR,1.0,,,,,,,,,1,,,,,
H2PYS4,H2PYS4_PANTR,ENSPTRP00000001024,PANTR,1.0,,,,,,,,,1,,,,,
H2Q4T2,H2Q4T2_PANTR,ENSPTRP00000007389,PANTR,1.0,,,,,,,,,,,1,,,
H2Q442,H2Q442_PANTR,ENSPTRP00000006713,PANTR,1.0,,,,,,,,,1,,,,,
H2Q2Q4,H2Q2Q4_PANTR,ENSPTRP00000005335,PANTR,1.0,,,,,,,,,1,,,,,
H2Q1U7,H2Q1U7_PANTR,ENSPTRP00000004224,PANTR,1.0,,,,,,,,,1,,,,,
H2R683,H2R683_PANTR,ENSPTRP00000048853,PANTR,1.0,,,,,,,,,1,,,,,
H2Q1J6,H2Q1J6_PANTR,ENSPTRP00000003791,PANTR,1.0,,,,,,,,,1,,,,,
H2Q1I3,H2Q1I3_PANTR,ENSPTRP00000003757,PANTR,1.0,,,,,,,,,1,,,,,
H2PZS9,H2PZS9_PANTR,ENSPTRP00000002011,PANTR,1.0,,,,,,,,,1,,,,,
H2PYL6,H2PYL6_PANTR,ENSPTRP00000000881,PANTR,1.0,,,,,,,,,,,1,,,
F7HJR3,F7HJR3_MACMU,ENSMMUP00000012077,MACMU,1.0,,,,,,,,,1,,,,,
G3X9G7,ZN809_MOUSE,ENSMUSP00000072286,MOUSE,1.0,,,,,,,,,1,,,,,
G2HIT9,G2HIT9_PANTR,ENSPTRP00000038839,PANTR,1.0,,,,,,,,,1,,,,,
F7HUB3,F7HUB3_MACMU,ENSMMUP00000034726,MACMU,1.0,,,,,,,,,1,,,,,
F7HT24,F7HT24_MACMU,ENSMMUP00000039284,MACMU,1.0,,,,,,,,,1,,,,,
F7HPT8,F7HPT8_MACMU,ENSMMUP00000010969,MACMU,1.0,,,,,,,,,1,,,,,
F7HPM7,F7HPM7_MACMU,ENSMMUP00000010979,MACMU,1.0,,,,,,,,,1,,,,,
F7HP84,F7HP84_MACMU,ENSMMUP00000039977,MACMU,1.0,,,,,,,,,,,1,,,
F7HKZ4,F7HKZ4_MACMU,ENSMMUP00000039475,MACMU,1.0,,,,,,,,,1,,,,,
H2R679,H2R679_PANTR,ENSPTRP00000048844,PANTR,1.0,,,,,,,,,1,,,,,
H2RUW0,H2RUW0_TAKRU,ENSTRUP00000003928,TAKRU,1.0,,,,,,,,,1,,,,,
H2R723,H2R723_PANTR,ENSPTRP00000049808,PANTR,1.0,,,,,,,,,1,,,,,
H2R7I5,H2R7I5_PANTR,ENSPTRP00000050454,PANTR,1.0,,,,,,,,,1,,,,,
H9H643,H9H643_MONDO,ENSMODP00000004932,MONDO,1.0,,,,,,,,,1,,,,,
H9H5R5,H9H5R5_MACMU,ENSMMUP00000041361,MACMU,1.0,,,,,,,,,1,,,,,
H9H5Q9,H9H5Q9_MACMU,ENSMMUP00000041354,MACMU,1.0,,,,,,,,,1,,,,,
H9H506,H9H506_MACMU,ENSMMUP00000035856,MACMU,1.0,,,,,,,,,1,,,,,
H9H4W7,H9H4W7_MACMU,ENSMMUP00000034620,MACMU,1.0,,,,,,,,,1,,,,,
H9H2S8,H9H2S8_MACMU,ENSMMUP00000002309,MACMU,1.0,,,,,,,,,1,,,,,
H9GZI2,H9GZI2_DANRE,ENSDARP00000117774,DANRE,1.0,,,,,,,,,1,,,,,
H9GZI1,H9GZI1_DANRE,ENSDARP00000117630,DANRE,1.0,,,,,,,,,1,,,,,
H9GZF9,H9GZF9_DANRE,ENSDARP00000112962,DANRE,1.0,,,,,,,,,1,,,,,
H9GZE5,H9GZE5_DANRE,ENSDARP00000112280,DANRE,1.0,,,,,,,,,1,,,,,
H9GZD2,H9GZD2_DANRE,ENSDARP00000112129,DANRE,1.0,,,,,,,,,1,,,,,
H9GZ86,H9GZ86_DANRE,ENSDARP00000111284,DANRE,1.0,,,,,,,,,1,,,,,
H9GZ78,H9GZ78_DANRE,ENSDARP00000111200,DANRE,1.0,,,,,,,,,1,,,,,
H9GZ32,H9GZ32_DANRE,ENSDARP00000110457,DANRE,1.0,,,,,,,,,1,,,,,
H9GYD5,H9GYD5_DANRE,ENSDARP00000106019,DANRE,1.0,,,,,,,,,1,,,,,
H9GYB9,H9GYB9_DANRE,ENSDARP00000105522,DANRE,1.0,,,,,,,,,1,,,,,
H9GY72,H9GY72_DANRE,ENSDARP00000104521,DANRE,1.0,,,,,,,,,1,,,,,
H9GY33,H9GY33_DANRE,ENSDARP00000102337,DANRE,1.0,,,,,,,,,1,,,,,
H9GXY4,H9GXY4_DANRE,ENSDARP00000100028,DANRE,1.0,,,,,,,,,1,,,,,
H9H6M0,H9H6M0_MONDO,ENSMODP00000016565,MONDO,1.0,,,,,,,,,1,,,,,
H9H6N3,H9H6N3_MONDO,ENSMODP00000017572,MONDO,1.0,,,,,,,,,1,,,,,
H9H6S5,H9H6S5_MONDO,ENSMODP00000019626,MONDO,1.0,,,,,,,,,1,,,,,
L7N3H8,L7N3H8_XENTR,ENSXETP00000032982,XENTR,1.0,,,,,,,,,1,,,,,
O12939,O12939_CHICK,nan,CHICK,1.0,,,,,,,,,,,1,,,
O08954,SNAI2_RAT,nan,RAT,1.0,,,,,,,,,,,1,,,
O08584,KLF6_MOUSE,nan,MOUSE,1.0,,,,,,,,,1,,,,,
O01960,O01960_CAEEL,nan,CAEEL,1.0,,,,,,,,,1,,,,,
O00110,OVOL3_HUMAN,nan,HUMAN,1.0,,,,,,,,,1,,,,,
L7N452,L7N452_MOUSE,ENSMUSP00000071284,MOUSE,1.0,,,,,,,,,1,,,,,
L7N3W0,L7N3W0_XENTR,ENSXETP00000050930,XENTR,1.0,,,,,,,,,1,,,,,
L7N3J7,L7N3J7_XENTR,ENSXETP00000035023,XENTR,1.0,,,,,,,,,1,,,,,
K9J8E4,K9J8E4_XENTR,ENSXETP00000052340,XENTR,1.0,,,,,,,,,1,,,,,
H9H733,H9H733_MONDO,ENSMODP00000021826,MONDO,1.0,,,,,,,,,1,,,,,
K9J8D8,K9J8D8_XENTR,ENSXETP00000050929,XENTR,1.0,,,,,,,,,1,,,,,
K9J7Y3,K9J7Y3_XENTR,ENSXETP00000018179,XENTR,1.0,,,,,,,,,1,,,,,
K9J7N2,K9J7N2_XENTR,ENSXETP00000005787,XENTR,1.0,,,,,,,,,1,,,,,
I6L9I4,I6L9I4_BOVIN,ENSBTAP00000020207,BOVIN,1.0,,,,,,,,,1,,,,,
H9L0Z3,H9L0Z3_CHICK,ENSGALP00000028749,CHICK,1.0,,,,,,,,,1,,,,,
H9L0K7,H9L0K7_CHICK,ENSGALP00000023436,CHICK,1.0,,,,,,,,,1,,,,,
H9KZR4,H9KZR4_CHICK,ENSGALP00000017665,CHICK,1.0,,,,,,,,,1,,,,,
H9KYX9,H9KYX9_CHICK,ENSGALP00000001342,CHICK,1.0,,,,,,,,,1,,,,,
H9GXQ5,H9GXQ5_DANRE,ENSDARP00000090753,DANRE,1.0,,,,,,,,,1,,,,,
H9GXI3,H9GXI3_DANRE,ENSDARP00000074406,DANRE,1.0,,,,,,,,,1,,,,,
H2V1R5,H2V1R5_TAKRU,ENSTRUP00000043145,TAKRU,1.0,,,,,,,,,,,1,,,
H2S1N1,H2S1N1_TAKRU,ENSTRUP00000006302,TAKRU,1.0,,,,,,,,,,,1,,,
H2T1C8,H2T1C8_TAKRU,ENSTRUP00000018466,TAKRU,1.0,,,,,,,,,1,,,,,
H2SWP5,H2SWP5_TAKRU,ENSTRUP00000016833,TAKRU,1.0,,,,,,,,,,,1,,,
H2SSA8,H2SSA8_TAKRU,ENSTRUP00000015295,TAKRU,1.0,,,,,,,,,1,,,,,
H2SPJ1,H2SPJ1_TAKRU,ENSTRUP00000014328,TAKRU,1.0,,,,,,,,,1,,,,,
H2SK12,H2SK12_TAKRU,ENSTRUP00000012745,TAKRU,1.0,,,,,,,,,1,,,,,
H2SF27,H2SF27_TAKRU,ENSTRUP00000011008,TAKRU,1.0,,,,,,,,,1,,,,,
H2SEI5,H2SEI5_TAKRU,ENSTRUP00000010816,TAKRU,1.0,,,,,,,,,,,1,,,
H2S7Z6,H2S7Z6_TAKRU,ENSTRUP00000008521,TAKRU,1.0,,,,,,,,,1,,,,,
H2RZD3,H2RZD3_TAKRU,ENSTRUP00000005504,TAKRU,1.0,,,,,,,,,,,1,,,
H2T6T0,H2T6T0_TAKRU,ENSTRUP00000020369,TAKRU,1.0,,,,,,,,,1,,,,,
F7EZL7,F7EZL7_MONDO,ENSMODP00000019947,MONDO,1.0,,,,,,,,,1,,,,,
H2RSP3,H2RSP3_TAKRU,ENSTRUP00000003159,TAKRU,1.0,,,,,,,,,1,,,,,
H2RQL5,H2RQL5_TAKRU,ENSTRUP00000002430,TAKRU,1.0,,,,,,,,,1,,,,,
H2RLQ3,H2RLQ3_TAKRU,ENSTRUP00000001066,TAKRU,1.0,,,,,,,,,1,,,,,
H2RLH8,H2RLH8_TAKRU,ENSTRUP00000000991,TAKRU,1.0,,,,,,,,,1,,,,,
H2RDV2,H2RDV2_PANTR,ENSPTRP00000059387,PANTR,1.0,,,,,,,,,1,,,,,
H2RBH8,H2RBH8_PANTR,ENSPTRP00000055713,PANTR,1.0,,,,,,,,,1,,,,,
H2R8V4,H2R8V4_PANTR,ENSPTRP00000052040,PANTR,1.0,,,,,,,,,,,1,,,
H2T4C3,H2T4C3_TAKRU,ENSTRUP00000019511,TAKRU,1.0,,,,,,,,,,,1,,,
H2T6V9,H2T6V9_TAKRU,ENSTRUP00000020398,TAKRU,1.0,,,,,,,,,,,1,,,
H2UZW9,H2UZW9_TAKRU,ENSTRUP00000042499,TAKRU,1.0,,,,,,,,,1,,,,,
H2U7K8,H2U7K8_TAKRU,ENSTRUP00000032924,TAKRU,1.0,,,,,,,,,1,,,,,
H2UWT0,H2UWT0_TAKRU,ENSTRUP00000041408,TAKRU,1.0,,,,,,,,,1,,,,,
H2UQP6,H2UQP6_TAKRU,ENSTRUP00000039269,TAKRU,1.0,,,,,,,,,,,1,,,
H2UMR8,H2UMR8_TAKRU,ENSTRUP00000038239,TAKRU,1.0,,,,,,,,,1,,,,,
H2UKP8,H2UKP8_TAKRU,ENSTRUP00000037519,TAKRU,1.0,,,,,,,,,,,1,,,
H2UK30,H2UK30_TAKRU,ENSTRUP00000037301,TAKRU,1.0,,,,,,,,,1,,,,,
H2UJ15,H2UJ15_TAKRU,ENSTRUP00000036936,TAKRU,1.0,,,,,,,,,1,,,,,
H2UHP4,H2UHP4_TAKRU,ENSTRUP00000036465,TAKRU,1.0,,,,,,,,,,,1,,,
H2U972,H2U972_TAKRU,ENSTRUP00000033488,TAKRU,1.0,,,,,,,,,1,,,,,
H2TYK3,H2TYK3_TAKRU,ENSTRUP00000029762,TAKRU,1.0,,,,,,,,,1,,,,,
H2TAE7,H2TAE7_TAKRU,ENSTRUP00000021637,TAKRU,1.0,,,,,,,,,1,,,,,
H2TY12,H2TY12_TAKRU,ENSTRUP00000029571,TAKRU,1.0,,,,,,,,,1,,,,,
H2TWJ2,H2TWJ2_TAKRU,ENSTRUP00000029051,TAKRU,1.0,,,,,,,,,1,,,,,
H2TWC8,H2TWC8_TAKRU,ENSTRUP00000028987,TAKRU,1.0,,,,,,,,,,,1,,,
H2TTK2,H2TTK2_TAKRU,ENSTRUP00000028010,TAKRU,1.0,,,,,,,,,,,1,,,
H2TT37,H2TT37_TAKRU,ENSTRUP00000027845,TAKRU,1.0,,,,,,,,,1,,,,,
H2TR55,H2TR55_TAKRU,ENSTRUP00000027162,TAKRU,1.0,,,,,,,,,1,,,,,
H2TM92,H2TM92_TAKRU,ENSTRUP00000025798,TAKRU,1.0,,,,,,,,,,,1,,,
H2TI24,H2TI24_TAKRU,ENSTRUP00000024324,TAKRU,1.0,,,,,,,,,1,,,,,
F7F5H9,F7F5H9_MONDO,ENSMODP00000037608,MONDO,1.0,,,,,,,,,1,,,,,
F7E0S0,F7E0S0_MACMU,ENSMMUP00000011441,MACMU,1.0,,,,,,,,,1,,,,,
F7ESE4,F7ESE4_XENTR,ENSXETP00000025214,XENTR,1.0,,,,,,,,,1,,,,,
F6S6H1,F6S6H1_MACMU,ENSMMUP00000006385,MACMU,1.0,,,,,,,,,1,,,,,
F6SXL4,F6SXL4_CIOIN,ENSCINP00000002601,CIOIN,1.0,,,,,,,,,1,,,,,
F6SU29,F6SU29_MOUSE,ENSMUSP00000078229,MOUSE,1.0,,,,,,,,,1,,,,,
F6SNM5,F6SNM5_MACMU,ENSMMUP00000032115,MACMU,1.0,,,,,,,,,1,,,,,
F6SNL6,F6SNL6_MACMU,ENSMMUP00000032116,MACMU,1.0,,,,,,,,,1,,,,,
F6SND9,F6SND9_ORNAN,ENSOANP00000017107,ORNAN,1.0,,,,,,,,,1,,,,,
F6SDR2,F6SDR2_CIOIN,ENSCINP00000024708,CIOIN,1.0,,,,,,,,,1,,,,,
F6SDH8,F6SDH8_XENTR,ENSXETP00000030223,XENTR,1.0,,,,,,,,,1,,,,,
F6SBR7,F6SBR7_XENTR,ENSXETP00000037819,XENTR,1.0,,,,,,,,,1,,,,,
F6RSE2,F6RSE2_CIOIN,ENSCINP00000001121,CIOIN,1.0,,,,,,,,,1,,,,,
F7ES08,F7ES08_MACMU,ENSMMUP00000009285,MACMU,1.0,,,,,,,,,,,1,,,
F6RP49,F6RP49_MACMU,ENSMMUP00000020375,MACMU,1.0,,,,,,,,,1,,,,,
F6RIW5,F6RIW5_XENTR,ENSXETP00000016152,XENTR,1.0,,,,,,,,,1,,,,,
F6RD24,F6RD24_ORNAN,ENSOANP00000018275,ORNAN,1.0,,,,,,,,,1,,,,,
F6RAU8,F6RAU8_CIOIN,ENSCINP00000020005,CIOIN,1.0,,,,,,,,,1,,,,,
F6R9U8,F6R9U8_MONDO,ENSMODP00000005128,MONDO,1.0,,,,,,,,,,,1,,,
F6R5T3,F6R5T3_MACMU,ENSMMUP00000006278,MACMU,1.0,,,,,,,,,,,1,,,
F6QWU0,F6QWU0_ORNAN,ENSOANP00000008821,ORNAN,1.0,,,,,,,,,1,,,,,
F6QS42,F6QS42_MONDO,ENSMODP00000031229,MONDO,1.0,,,,,,,,,1,,,,,
F6SY46,F6SY46_MACMU,ENSMMUP00000032491,MACMU,1.0,,,,,,,,,,,1,,,
F6T8Z3,F6T8Z3_MONDO,ENSMODP00000029771,MONDO,1.0,,,,,,,,,1,,,,,
F6TA30,F6TA30_MONDO,ENSMODP00000012734,MONDO,1.0,,,,,,,,,,,1,,,
F6TEM5,F6TEM5_CIOIN,ENSCINP00000023594,CIOIN,1.0,,,,,,,,,1,,,,,
F6V087,F6V087_MONDO,ENSMODP00000002506,MONDO,1.0,,,,,,,,,1,,,,,
F6UZD5,F6UZD5_MONDO,ENSMODP00000014511,MONDO,1.0,,,,,,,,,1,,,,,
F6UTQ0,F6UTQ0_ORNAN,ENSOANP00000006617,ORNAN,1.0,,,,,,,,,1,,,,,
F6UAU2,F6UAU2_MONDO,ENSMODP00000012537,MONDO,1.0,,,,,,,,,1,,,,,
F6UA22,F6UA22_MACMU,ENSMMUP00000011291,MACMU,1.0,,,,,,,,,1,,,,,
F6U8F6,F6U8F6_MACMU,ENSMMUP00000014867,MACMU,1.0,,,,,,,,,1,,,,,
F6U7B2,F6U7B2_CIOIN,ENSCINP00000026887,CIOIN,1.0,,,,,,,,,,,1,,,
F6U4V9,F6U4V9_ORNAN,ENSOANP00000004956,ORNAN,1.0,,,,,,,,,1,,,,,
F6U3M3,F6U3M3_MONDO,ENSMODP00000007086,MONDO,1.0,,,,,,,,,1,,,,,
F6U2U6,F6U2U6_ORNAN,ENSOANP00000018010,ORNAN,1.0,,,,,,,,,,,1,,,
F6U124,F6U124_MACMU,ENSMMUP00000026866,MACMU,1.0,,,,,,,,,1,,,,,
F6TZP3,F6TZP3_MACMU,ENSMMUP00000026516,MACMU,1.0,,,,,,,,,1,,,,,
F6TVG6,F6TVG6_MONDO,ENSMODP00000031512,MONDO,1.0,,,,,,,,,1,,,,,
F6TTJ6,F6TTJ6_XENTR,ENSXETP00000010163,XENTR,1.0,,,,,,,,,,,1,,,
F6TSN3,F6TSN3_ORNAN,ENSOANP00000003162,ORNAN,1.0,,,,,,,,,1,,,,,
F6TN39,F6TN39_MACMU,ENSMMUP00000033883,MACMU,1.0,,,,,,,,,1,,,,,
F6TF15,F6TF15_MACMU,ENSMMUP00000025119,MACMU,1.0,,,,,,,,,1,,,,,
F6QKV5,F6QKV5_MONDO,ENSMODP00000031772,MONDO,1.0,,,,,,,,,1,,,,,
F6QFC2,F6QFC2_BOVIN,ENSBTAP00000052950,BOVIN,1.0,,,,,,,,,1,,,,,
F6QCS3,F6QCS3_MONDO,ENSMODP00000038406,MONDO,1.0,,,,,,,,,1,,,,,
F1PSS3,F1PSS3_CANFA,ENSCAFP00000025201,CANFA,1.0,,,,,,,,,1,,,,,
F1PJS7,F1PJS7_CANFA,ENSCAFP00000003431,CANFA,1.0,,,,,,,,,1,,,,,
F1PI62,F1PI62_CANFA,ENSCAFP00000021750,CANFA,1.0,,,,,,,,,,,1,,,
F1P7N4,F1P7N4_CANFA,ENSCAFP00000019856,CANFA,1.0,,,,,,,,,1,,,,,
F1P7D7,F1P7D7_CANFA,ENSCAFP00000017855,CANFA,1.0,,,,,,,,,1,,,,,
F1NVC4,F1NVC4_CHICK,ENSGALP00000034579,CHICK,1.0,,,,,,,,,1,,,,,
F1NUB6,F1NUB6_CHICK,ENSGALP00000026599,CHICK,1.0,,,,,,,,,1,,,,,
F1NN94,F1NN94_CHICK,ENSGALP00000033117,CHICK,1.0,,,,,,,,,1,,,,,
F1NKQ3,F1NKQ3_CHICK,ENSGALP00000024300,CHICK,1.0,,,,,,,,,,,1,,,
F1NF21,F1NF21_CHICK,ENSGALP00000026902,CHICK,1.0,,,,,,,,,1,,,,,
F1N5Q1,F1N5Q1_BOVIN,ENSBTAP00000021332,BOVIN,1.0,,,,,,,,,1,,,,,
F1N3Y9,F1N3Y9_BOVIN,ENSBTAP00000002792,BOVIN,1.0,,,,,,,,,1,,,,,
F1N395,F1N395_BOVIN,ENSBTAP00000021935,BOVIN,1.0,,,,,,,,,1,,,,,
F1N146,F1N146_BOVIN,ENSBTAP00000038982,BOVIN,1.0,,,,,,,,,1,,,,,
F1N118,F1N118_BOVIN,ENSBTAP00000042193,BOVIN,1.0,,,,,,,,,1,,,,,
F1MW80,F1MW80_BOVIN,ENSBTAP00000047971,BOVIN,1.0,,,,,,,,,1,,,,,
F1MUM4,F1MUM4_BOVIN,ENSBTAP00000051389,BOVIN,1.0,,,,,,,,,1,,,,,
F1MUJ5,F1MUJ5_BOVIN,ENSBTAP00000016763,BOVIN,1.0,,,,,,,,,,,1,,,
F1PLF8,F1PLF8_CANFA,ENSCAFP00000010501,CANFA,1.0,,,,,,,,,1,,,,,
F1PSY3,F1PSY3_CANFA,ENSCAFP00000003619,CANFA,1.0,,,,,,,,,1,,,,,
F6QCF5,F6QCF5_MACMU,ENSMMUP00000037086,MACMU,1.0,,,,,,,,,,,1,,,
F1PTM6,F1PTM6_CANFA,ENSCAFP00000009921,CANFA,1.0,,,,,,,,,,,1,,,
F6QBQ4,F6QBQ4_MACMU,ENSMMUP00000032230,MACMU,1.0,,,,,,,,,1,,,,,
F6QBK2,F6QBK2_ORNAN,ENSOANP00000013829,ORNAN,1.0,,,,,,,,,,,1,,,
F6QBI4,F6QBI4_CIOIN,ENSCINP00000018113,CIOIN,1.0,,,,,,,,,,,1,,,
F6Q155,F6Q155_MACMU,ENSMMUP00000013118,MACMU,1.0,,,,,,,,,1,,,,,
F6PSH8,F6PSH8_MACMU,ENSMMUP00000022348,MACMU,1.0,,,,,,,,,,,1,,,
F6NAA3,F6NAA3_DANRE,ENSDARP00000111842,DANRE,1.0,,,,,,,,,1,,,,,
F1RBC6,F1RBC6_DANRE,ENSDARP00000101148,DANRE,1.0,,,,,,,,,1,,,,,
F1R9L3,F1R9L3_DANRE,ENSDARP00000076186,DANRE,1.0,,,,,,,,,1,,,,,
F1R9B6,F1R9B6_DANRE,ENSDARP00000107898,DANRE,1.0,,,,,,,,,1,,,,,
F1R713,F1R713_DANRE,ENSDARP00000104063,DANRE,1.0,,,,,,,,,1,,,,,
F1QII2,F1QII2_DANRE,ENSDARP00000109023,DANRE,1.0,,,,,,,,,1,,,,,
F1QG99,F1QG99_DANRE,ENSDARP00000123086,DANRE,1.0,,,,,,,,,1,,,,,
F1Q959,F1Q959_DANRE,ENSDARP00000092368,DANRE,1.0,,,,,,,,,1,,,,,
F1Q4P3,F1Q4P3_DANRE,ENSDARP00000104302,DANRE,1.0,,,,,,,,,1,,,,,
F1PY33,F1PY33_CANFA,ENSCAFP00000016886,CANFA,1.0,,,,,,,,,,,1,,,
F1PXY1,F1PXY1_CANFA,ENSCAFP00000007987,CANFA,1.0,,,,,,,,,1,,,,,
F1PVV8,F1PVV8_CANFA,ENSCAFP00000025553,CANFA,1.0,,,,,,,,,1,,,,,
F6V2L6,F6V2L6_MONDO,ENSMODP00000014365,MONDO,1.0,,,,,,,,,1,,,,,
F6V344,F6V344_MONDO,ENSMODP00000021334,MONDO,1.0,,,,,,,,,,,1,,,
F6V923,F6V923_MONDO,ENSMODP00000005569,MONDO,1.0,,,,,,,,,1,,,,,
F7DC39,F7DC39_ORNAN,ENSOANP00000002418,ORNAN,1.0,,,,,,,,,1,,,,,
F7D043,F7D043_MOUSE,ENSMUSP00000097015,MOUSE,1.0,,,,,,,,,1,,,,,
F7CY24,F7CY24_XENTR,ENSXETP00000025621,XENTR,1.0,,,,,,,,,1,,,,,
F7CMG1,F7CMG1_ORNAN,ENSOANP00000023333,ORNAN,1.0,,,,,,,,,1,,,,,
F7CKZ2,F7CKZ2_ORNAN,ENSOANP00000011569,ORNAN,1.0,,,,,,,,,,,1,,,
F7CER0,F7CER0_MACMU,ENSMMUP00000010117,MACMU,1.0,,,,,,,,,1,,,,,
F7CEJ4,F7CEJ4_ORNAN,ENSOANP00000025255,ORNAN,1.0,,,,,,,,,1,,,,,
F7C9T0,F7C9T0_ORNAN,ENSOANP00000025871,ORNAN,1.0,,,,,,,,,1,,,,,
F7BYP7,F7BYP7_MONDO,ENSMODP00000018582,MONDO,1.0,,,,,,,,,1,,,,,
F7BU74,F7BU74_ORNAN,ENSOANP00000009698,ORNAN,1.0,,,,,,,,,1,,,,,
F7BTM3,F7BTM3_MONDO,ENSMODP00000022670,MONDO,1.0,,,,,,,,,,,1,,,
F7BR73,F7BR73_MACMU,ENSMMUP00000006945,MACMU,1.0,,,,,,,,,1,,,,,
F7BLU4,F7BLU4_ORNAN,ENSOANP00000006523,ORNAN,1.0,,,,,,,,,1,,,,,
F7BJM4,F7BJM4_MACMU,ENSMMUP00000041134,MACMU,1.0,,,,,,,,,1,,,,,
F7BFD8,F7BFD8_MACMU,ENSMMUP00000001784,MACMU,1.0,,,,,,,,,1,,,,,
F7BCG2,F7BCG2_MACMU,ENSMMUP00000025921,MACMU,1.0,,,,,,,,,,,1,,,
F7B8B1,F7B8B1_XENTR,ENSXETP00000052656,XENTR,1.0,,,,,,,,,1,,,,,
F7ATG2,F7ATG2_XENTR,ENSXETP00000024170,XENTR,1.0,,,,,,,,,1,,,,,
F7D4K2,F7D4K2_XENTR,ENSXETP00000044944,XENTR,1.0,,,,,,,,,1,,,,,
F7DCL9,F7DCL9_MONDO,ENSMODP00000016052,MONDO,1.0,,,,,,,,,1,,,,,
F7AIS6,F7AIS6_ORNAN,ENSOANP00000015809,ORNAN,1.0,,,,,,,,,1,,,,,
F7DGJ3,F7DGJ3_MONDO,ENSMODP00000008323,MONDO,1.0,,,,,,,,,1,,,,,
F7ERY2,F7ERY2_XENTR,ENSXETP00000049435,XENTR,1.0,,,,,,,,,1,,,,,
F7ENJ1,F7ENJ1_ORNAN,ENSOANP00000012774,ORNAN,1.0,,,,,,,,,1,,,,,
F7EMC0,F7EMC0_XENTR,ENSXETP00000025230,XENTR,1.0,,,,,,,,,,,1,,,
F7EM83,F7EM83_MACMU,ENSMMUP00000035561,MACMU,1.0,,,,,,,,,1,,,,,
F7EL90,F7EL90_XENTR,ENSXETP00000051773,XENTR,1.0,,,,,,,,,1,,,,,
F7EKF0,F7EKF0_MONDO,ENSMODP00000034327,MONDO,1.0,,,,,,,,,,,1,,,
F7E7I9,F7E7I9_ORNAN,ENSOANP00000000572,ORNAN,1.0,,,,,,,,,1,,,,,
F7E576,F7E576_MACMU,ENSMMUP00000009676,MACMU,1.0,,,,,,,,,1,,,,,
F7E3L8,F7E3L8_MACMU,ENSMMUP00000028476,MACMU,1.0,,,,,,,,,1,,,,,
F7E1L9,F7E1L9_MACMU,ENSMMUP00000011424,MACMU,1.0,,,,,,,,,,,1,,,
O35819,KLF6_RAT,nan,RAT,1.0,,,,,,,,,1,,,,,
F7E0F2,F7E0F2_ORNAN,ENSOANP00000028119,ORNAN,1.0,,,,,,,,,1,,,,,
F7DYX1,F7DYX1_XENTR,ENSXETP00000044473,XENTR,1.0,,,,,,,,,1,,,,,
F7DXJ3,F7DXJ3_ORNAN,ENSOANP00000019021,ORNAN,1.0,,,,,,,,,1,,,,,
F7DPI9,F7DPI9_MACMU,ENSMMUP00000023496,MACMU,1.0,,,,,,,,,,,1,,,
F7DIM6,F7DIM6_MACMU,ENSMMUP00000004355,MACMU,1.0,,,,,,,,,,,1,,,
F7DH25,F7DH25_XENTR,ENSXETP00000020955,XENTR,1.0,,,,,,,,,,,1,,,
F7AL31,F7AL31_MONDO,ENSMODP00000022458,MONDO,1.0,,,,,,,,,1,,,,,
F7AFD8,F7AFD8_XENTR,ENSXETP00000009079,XENTR,1.0,,,,,,,,,,,1,,,
F6VBL3,F6VBL3_MACMU,ENSMMUP00000023020,MACMU,1.0,,,,,,,,,1,,,,,
F6XJQ6,F6XJQ6_MACMU,ENSMMUP00000031812,MACMU,1.0,,,,,,,,,1,,,,,
F6XBT3,F6XBT3_MACMU,ENSMMUP00000031828,MACMU,1.0,,,,,,,,,1,,,,,
F6X466,F6X466_MACMU,ENSMMUP00000029529,MACMU,1.0,,,,,,,,,1,,,,,
F6X339,F6X339_MONDO,ENSMODP00000029669,MONDO,1.0,,,,,,,,,1,,,,,
F6WY04,F6WY04_ORNAN,ENSOANP00000011652,ORNAN,1.0,,,,,,,,,,,1,,,
F6WXX2,F6WXX2_MACMU,ENSMMUP00000014716,MACMU,1.0,,,,,,,,,1,,,,,
F6WW61,F6WW61_ORNAN,ENSOANP00000009548,ORNAN,1.0,,,,,,,,,1,,,,,
F6WTJ8,F6WTJ8_MONDO,ENSMODP00000008930,MONDO,1.0,,,,,,,,,1,,,,,
F6WRR0,F6WRR0_CIOIN,ENSCINP00000004330,CIOIN,1.0,,,,,,,,,1,,,,,
F6WPJ4,F6WPJ4_CIOIN,ENSCINP00000011790,CIOIN,1.0,,,,,,,,,1,,,,,
F6WJ45,F6WJ45_ORNAN,ENSOANP00000010010,ORNAN,1.0,,,,,,,,,1,,,,,
F6WGI0,F6WGI0_XENTR,ENSXETP00000005811,XENTR,1.0,,,,,,,,,1,,,,,
F6WAP9,F6WAP9_XENTR,ENSXETP00000023055,XENTR,1.0,,,,,,,,,1,,,,,
F6VWP3,F6VWP3_CIOIN,ENSCINP00000027657,CIOIN,1.0,,,,,,,,,1,,,,,
F6VSW1,F6VSW1_XENTR,ENSXETP00000043607,XENTR,1.0,,,,,,,,,1,,,,,
F6VPN8,F6VPN8_XENTR,ENSXETP00000021087,XENTR,1.0,,,,,,,,,1,,,,,
F6VNA4,F6VNA4_XENTR,ENSXETP00000014206,XENTR,1.0,,,,,,,,,1,,,,,
F6VKS5,F6VKS5_ORNAN,ENSOANP00000022477,ORNAN,1.0,,,,,,,,,1,,,,,
F6XG71,F6XG71_ORNAN,ENSOANP00000001991,ORNAN,1.0,,,,,,,,,1,,,,,
F6XK25,F6XK25_MONDO,ENSMODP00000017683,MONDO,1.0,,,,,,,,,,,1,,,
F7A665,F7A665_MONDO,ENSMODP00000020384,MONDO,1.0,,,,,,,,,,,1,,,
F6XKH8,F6XKH8_MACMU,ENSMMUP00000031801,MACMU,1.0,,,,,,,,,1,,,,,
F7A428,F7A428_MACMU,ENSMMUP00000000705,MACMU,1.0,,,,,,,,,1,,,,,
F7A151,F7A151_MONDO,ENSMODP00000025747,MONDO,1.0,,,,,,,,,1,,,,,
F6ZJZ5,F6ZJZ5_ORNAN,ENSOANP00000028246,ORNAN,1.0,,,,,,,,,1,,,,,
F6ZIR3,F6ZIR3_MONDO,ENSMODP00000009690,MONDO,1.0,,,,,,,,,1,,,,,
F6ZIP9,F6ZIP9_MACMU,ENSMMUP00000029406,MACMU,1.0,,,,,,,,,1,,,,,
F6ZI13,F6ZI13_MACMU,ENSMMUP00000024754,MACMU,1.0,,,,,,,,,1,,,,,
F6Z625,F6Z625_CIOIN,ENSCINP00000028522,CIOIN,1.0,,,,,,,,,1,,,,,
F6YZ27,F6YZ27_MACMU,ENSMMUP00000031767,MACMU,1.0,,,,,,,,,1,,,,,
F6YZ00,F6YZ00_MONDO,ENSMODP00000009186,MONDO,1.0,,,,,,,,,1,,,,,
F6YIB3,F6YIB3_XENTR,ENSXETP00000004051,XENTR,1.0,,,,,,,,,1,,,,,
F6YI70,F6YI70_MACMU,ENSMMUP00000024620,MACMU,1.0,,,,,,,,,1,,,,,
F6Y553,F6Y553_XENTR,ENSXETP00000024469,XENTR,1.0,,,,,,,,,1,,,,,
F6Y0I4,F6Y0I4_MACMU,ENSMMUP00000000847,MACMU,1.0,,,,,,,,,1,,,,,
F6XSX6,F6XSX6_MACMU,ENSMMUP00000024801,MACMU,1.0,,,,,,,,,1,,,,,
F6XPD8,F6XPD8_MOUSE,ENSMUSP00000074538,MOUSE,1.0,,,,,,,,,1,,,,,
F6XLN4,F6XLN4_CIOIN,ENSCINP00000026197,CIOIN,1.0,,,,,,,,,1,,,,,
F6XKJ0,F6XKJ0_MACMU,ENSMMUP00000005544,MACMU,1.0,,,,,,,,,1,,,,,
O14753,OVOL1_HUMAN,nan,HUMAN,1.0,,,,,,,,,1,,,,,
P46099,KLF1_MOUSE,nan,MOUSE,1.0,,,,,,,,,1,,,,,
O42423,O42423_CHICK,nan,CHICK,1.0,,,,,,,,,1,,,,,
Q96K62,ZBT45_HUMAN,nan,HUMAN,1.0,,,,,,,,,,,1,,,
Q9EQJ4,ZN384_RAT,nan,RAT,1.0,,,,,,,,,,,1,,,
Q9CS13,Q9CS13_MOUSE,nan,MOUSE,1.0,,,,,,,,,1,,,,,
Q9BRP0,OVOL2_HUMAN,nan,HUMAN,1.0,,,,,,,,,1,,,,,
Q9BLC4,Q9BLC4_CAEEL,nan,CAEEL,1.0,,,,,,,,,1,,,,,
Q99PJ9,Q99PJ9_RAT,nan,RAT,1.0,,,,,,,,,1,,,,,
Q99JB0,KLF7_MOUSE,nan,MOUSE,1.0,,,,,,,,,1,,,,,
Q99612,KLF6_HUMAN,nan,HUMAN,1.0,,,,,,,,,1,,,,,
Q96LX8,ZN597_HUMAN,nan,HUMAN,1.0,,,,,,,,,1,,,,,
Q96I27,ZN625_HUMAN,nan,HUMAN,1.0,,,,,,,,,1,,,,,
Q9VHR4,Q9VHR4_DROME,nan,DROME,1.0,,,,,,,,,1,,,,,
Q93721,nan,nan,nan,1.0,,,,,,,,,1,,,,,
Q91VL6,Q91VL6_MOUSE,nan,MOUSE,1.0,,,,,,,,,1,,,,,
Q8WZX7,Q8WZX7_NEUCS,nan,NEUCR,1.0,,,,,,,,,,,1,,,
Q8TF68,ZN384_HUMAN,nan,HUMAN,1.0,,,,,,,,,,,1,,,
Q8T053,Y678_DROME,nan,DROME,1.0,,,,,,,,,1,,,,,
Q8R0V2,Q8R0V2_MOUSE,nan,MOUSE,1.0,,,,,,,,,1,,,,,
Q8NDX6,ZN740_HUMAN,nan,HUMAN,1.0,,,,,,,,,1,,,,,
Q8NCA9,ZN784_HUMAN,nan,HUMAN,1.0,,,,,,,,,1,,,,,
Q9ERU2,ZNF22_RAT,nan,RAT,1.0,,,,,,,,,1,,,,,
Q9ERU3,ZNF22_MOUSE,nan,MOUSE,1.0,,,,,,,,,1,,,,,
Q9ESF3,Q9ESF3_RAT,nan,RAT,1.0,,,,,,,,,1,,,,,
Q9GZC9,Q9GZC9_CAEEL,nan,CAEEL,1.0,,,,,,,,,,,1,,,
Q9VGQ5,Q9VGQ5_DROME,nan,DROME,1.0,,,,,,,,,1,,,,,
Q9VGL1,Q9VGL1_DROME,nan,DROME,1.0,,,,,,,,,1,,,,,
Q9VAB8,Q9VAB8_DROME,nan,DROME,1.0,,,,,,,,,,,1,,,
Q9V3X8,Q9V3X8_DROME,nan,DROME,1.0,,,,,,,,,1,,,,,
Q9UTL5,TF3A_SCHPO,nan,SCHPO,1.0,,,,,,,,,,,1,,,
Q9U7P8,Q9U7P8_DROME,nan,DROME,1.0,,,,,,,,,1,,,,,
Q9SHD0,ZAT4_ARATH,nan,ARATH,1.0,,,,,,,,,,,1,,,
Q9QY31,SNAI3_MOUSE,nan,MOUSE,1.0,,,,,,,,,,,1,,,
Q9NU63,ZFP57_HUMAN,nan,HUMAN,1.0,,,,,,,,,1,,,,,
Q9M202,ZAT9_ARATH,nan,ARATH,1.0,,,,,,,,,,,1,,,
Q9JMG9,Q9JMG9_MOUSE,nan,MOUSE,1.0,,,,,,,,,,,1,,,
Q9HC78,ZBT20_HUMAN,nan,HUMAN,1.0,,,,,,,,,,,1,,,
Q9HBE1,PATZ1_HUMAN,nan,HUMAN,1.0,,,,,,,,,,,1,,,
Q9HAH1,ZN556_HUMAN,nan,HUMAN,1.0,,,,,,,,,1,,,,,
Q9H7X3,ZN696_HUMAN,nan,HUMAN,1.0,,,,,,,,,1,,,,,
Q9H707,ZN552_HUMAN,nan,HUMAN,1.0,,,,,,,,,1,,,,,
Q9H5V7,IKZF5_HUMAN,nan,HUMAN,1.0,,,,,,,,,1,,,,,
Q8N8Y5,ZFP41_HUMAN,nan,HUMAN,1.0,,,,,,,,,1,,,,,
Q8N782,ZN525_HUMAN,nan,HUMAN,1.0,,,,,,,,,1,,,,,
Q8N720,ZN655_HUMAN,nan,HUMAN,1.0,,,,,,,,,1,,,,,
Q7T2W0,Q7T2W0_DANRE,nan,DANRE,1.0,,,,,,,,,1,,,,,
Q7SH63,Q7SH63_NEUCR,nan,NEUCR,1.0,,,,,,,,,,,1,,,
Q7SG77,Q7SG77_NEUCR,nan,NEUCR,1.0,,,,,,,,,,,1,,,
Q7S4U1,Q7S4U1_NEUCR,nan,NEUCR,1.0,,,,,,,,,,,1,,,
Q7RYI7,Q7RYI7_NEUCR,nan,NEUCR,1.0,,,,,,,,,,,1,,,
Q7RY67,Q7RY67_NEUCR,nan,NEUCR,1.0,,,,,,,,,,,1,,,
Q7QIS2,Q7QIS2_ANOGA,nan,ANOGA,1.0,,,,,,,,,1,,,,,
Q7QG38,Q7QG38_ANOGA,nan,ANOGA,1.0,,,,,,,,,1,,,,,
Q7QEV2,Q7QEV2_ANOGA,nan,ANOGA,1.0,,,,,,,,,1,,,,,
Q7QDZ5,Q7QDZ5_ANOGA,nan,ANOGA,1.0,,,,,,,,,1,,,,,
Q7QBP5,Q7QBP5_ANOGA,nan,ANOGA,1.0,,,,,,,,,1,,,,,
Q7Q9Z1,Q7Q9Z1_ANOGA,nan,ANOGA,1.0,,,,,,,,,1,,,,,
Q7Q8I3,Q7Q8I3_ANOGA,nan,ANOGA,1.0,,,,,,,,,1,,,,,
Q7Q8C8,Q7Q8C8_ANOGA,nan,ANOGA,1.0,,,,,,,,,1,,,,,
Q7Q7E8,Q7Q7E8_ANOGA,nan,ANOGA,1.0,,,,,,,,,1,,,,,
Q7Q706,Q7Q706_ANOGA,nan,ANOGA,1.0,,,,,,,,,,,1,,,
Q7Q4J6,Q7Q4J6_ANOGA,nan,ANOGA,1.0,,,,,,,,,1,,,,,
Q7Q3C1,Q7Q3C1_ANOGA,nan,ANOGA,1.0,,,,,,,,,1,,,,,
Q7SYI6,Q7SYI6_DANRE,nan,DANRE,1.0,,,,,,,,,1,,,,,
Q7ZUK3,Q7ZUK3_DANRE,nan,DANRE,1.0,,,,,,,,,1,,,,,
Q8N3J9,ZN664_HUMAN,nan,HUMAN,1.0,,,,,,,,,1,,,,,
Q7ZZ75,Q7ZZ75_DANRE,nan,DANRE,1.0,,,,,,,,,,,1,,,
Q8MR37,Q8MR37_DROME,nan,DROME,1.0,,,,,,,,,1,,,,,
Q8K0L9,ZBT20_MOUSE,nan,MOUSE,1.0,,,,,,,,,,,1,,,
Q8IVC4,ZN584_HUMAN,nan,HUMAN,1.0,,,,,,,,,1,,,,,
Q8IG38,Q8IG38_CAEEL,nan,CAEEL,1.0,,,,,,,,,1,,,,,
Q8CIV7,OVOL2_MOUSE,nan,MOUSE,1.0,,,,,,,,,1,,,,,
Q8CIS8,Q8CIS8_RAT,nan,RAT,1.0,,,,,,,,,1,,,,,
Q8C9U5,Q8C9U5_MOUSE,nan,MOUSE,1.0,,,,,,,,,1,,,,,
Q8C6P8,ZFP57_MOUSE,nan,MOUSE,1.0,,,,,,,,,1,,,,,
Q8BZ17,Q8BZ17_MOUSE,nan,MOUSE,1.0,,,,,,,,,1,,,,,
Q8BU00,IKZF5_MOUSE,nan,MOUSE,1.0,,,,,,,,,1,,,,,
Q8BJ90,ZN771_MOUSE,nan,MOUSE,1.0,,,,,,,,,1,,,,,
Q8BIF9,ZN787_MOUSE,nan,MOUSE,1.0,,,,,,,,,1,,,,,
Q8BI69,ZN784_MOUSE,nan,MOUSE,1.0,,,,,,,,,1,,,,,
Q8BG98,Q8BG98_MOUSE,nan,MOUSE,1.0,,,,,,,,,1,,,,,
Q8BFX2,Q8BFX2_MOUSE,nan,MOUSE,1.0,,,,,,,,,,,1,,,
Q80W53,Q80W53_MOUSE,nan,MOUSE,1.0,,,,,,,,,1,,,,,
Q80V23,ZNF32_MOUSE,nan,MOUSE,1.0,,,,,,,,,1,,,,,
Q9VHA4,Q9VHA4_DROME,nan,DROME,1.0,,,,,,,,,1,,,,,
Q9VI93,RN_DROME,nan,DROME,1.0,,,,,,,,,,,1,,,
O43623,SNAI2_HUMAN,nan,HUMAN,1.0,,,,,,,,,,,1,,,
nan,nan,ENSPTRP00000045075,PANTR,1.0,,,,,,,,,1,,,,,
nan,nan,ENSRNOP00000042471,RAT,1.0,,,,,,,,,1,,,,,
nan,nan,ENSRNOP00000041243,RAT,1.0,,,,,,,,,1,,,,,
nan,nan,ENSRNOP00000041082,RAT,1.0,,,,,,,,,1,,,,,
nan,nan,ENSRNOP00000035189,RAT,1.0,,,,,,,,,1,,,,,
nan,nan,ENSPTRP00000057214,PANTR,1.0,,,,,,,,,,,1,,,
nan,nan,ENSPTRP00000057164,PANTR,1.0,,,,,,,,,1,,,,,
nan,nan,ENSPTRP00000055581,PANTR,1.0,,,,,,,,,1,,,,,
nan,nan,ENSPTRP00000050481,PANTR,1.0,,,,,,,,,1,,,,,
nan,nan,ENSPTRP00000041922,PANTR,1.0,,,,,,,,,1,,,,,
Q9VN10,Q9VN10_DROME,nan,DROME,1.0,,,,,,,,,1,,,,,
nan,nan,ENSPTRP00000038584,PANTR,1.0,,,,,,,,,1,,,,,
nan,nan,ENSPTRP00000026289,PANTR,1.0,,,,,,,,,1,,,,,
nan,nan,ENSPTRP00000023352,PANTR,1.0,,,,,,,,,1,,,,,
nan,nan,ENSPTRP00000018439,PANTR,1.0,,,,,,,,,1,,,,,
nan,nan,ENSPTRP00000013618,PANTR,1.0,,,,,,,,,,,1,,,
nan,nan,ENSPTRP00000001075,PANTR,1.0,,,,,,,,,1,,,,,
nan,nan,ENSP00000384482,HUMAN,1.0,,,,,,,,,1,,,,,
nan,nan,ENSOANP00000024886,ORNAN,1.0,,,,,,,,,1,,,,,
nan,nan,ENSRNOP00000046888,RAT,1.0,,,,,,,,,1,,,,,
nan,nan,ENSRNOP00000050550,RAT,1.0,,,,,,,,,1,,,,,
nan,nan,ENSRNOP00000056136,RAT,1.0,,,,,,,,,1,,,,,
nan,nan,ENSRNOP00000060745,RAT,1.0,,,,,,,,,1,,,,,
nan,nan,ENSXETP00000052671,XENTR,1.0,,,,,,,,,1,,,,,
nan,nan,ENSXETP00000052372,XENTR,1.0,,,,,,,,,1,,,,,
nan,nan,ENSXETP00000052353,XENTR,1.0,,,,,,,,,1,,,,,
nan,nan,ENSXETP00000048903,XENTR,1.0,,,,,,,,,1,,,,,
nan,nan,ENSXETP00000043636,XENTR,1.0,,,,,,,,,1,,,,,
nan,nan,ENSXETP00000036318,XENTR,1.0,,,,,,,,,1,,,,,
nan,nan,ENSXETP00000035031,XENTR,1.0,,,,,,,,,1,,,,,
nan,nan,ENSXETP00000034729,XENTR,1.0,,,,,,,,,1,,,,,
nan,nan,ENSXETP00000034617,XENTR,1.0,,,,,,,,,1,,,,,
nan,nan,ENSXETP00000033091,XENTR,1.0,,,,,,,,,1,,,,,
nan,nan,ENSXETP00000033067,XENTR,1.0,,,,,,,,,1,,,,,
nan,nan,ENSXETP00000030385,XENTR,1.0,,,,,,,,,1,,,,,
nan,nan,ENSXETP00000030019,XENTR,1.0,,,,,,,,,1,,,,,
nan,nan,ENSXETP00000023622,XENTR,1.0,,,,,,,,,1,,,,,
nan,nan,ENSXETP00000021135,XENTR,1.0,,,,,,,,,1,,,,,
nan,nan,ENSXETP00000018621,XENTR,1.0,,,,,,,,,1,,,,,
nan,nan,ENSXETP00000016166,XENTR,1.0,,,,,,,,,1,,,,,
nan,nan,ENSMUSP00000101357,MOUSE,1.0,,,,,,,,,1,,,,,
nan,nan,ENSMUSP00000078872,MOUSE,1.0,,,,,,,,,1,,,,,
nan,nan,ENSMUSP00000070228,MOUSE,1.0,,,,,,,,,1,,,,,
nan,nan,ENSCAFP00000003529,CANFA,1.0,,,,,,,,,1,,,,,
nan,nan,ENSBTAP00000052316,BOVIN,1.0,,,,,,,,,1,,,,,
nan,nan,ENSBTAP00000050192,BOVIN,1.0,,,,,,,,,1,,,,,
nan,nan,ENSBTAP00000049204,BOVIN,1.0,,,,,,,,,1,,,,,
nan,nan,ENSBTAP00000034188,BOVIN,1.0,,,,,,,,,1,,,,,
nan,nan,ENSBTAP00000031942,BOVIN,1.0,,,,,,,,,1,,,,,
nan,nan,ENSBTAP00000017797,BOVIN,1.0,,,,,,,,,1,,,,,
nan,nan,ENSBTAP00000013381,BOVIN,1.0,,,,,,,,,1,,,,,
nan,nan,ENSBTAP00000006635,BOVIN,1.0,,,,,,,,,1,,,,,
nan,nan,ENSBTAP00000005831,BOVIN,1.0,,,,,,,,,1,,,,,
Q9WTJ2,OVOL1_MOUSE,nan,MOUSE,1.0,,,,,,,,,1,,,,,
Q9W3T3,Q9W3T3_DROME,nan,DROME,1.0,,,,,,,,,1,,,,,
Q9W3J4,Q9W3J4_DROME,nan,DROME,1.0,,,,,,,,,1,,,,,
Q9VXB4,Q9VXB4_DROME,nan,DROME,1.0,,,,,,,,,1,,,,,
Q9VWC6,Q9VWC6_DROME,nan,DROME,1.0,,,,,,,,,,,1,,,
Q9VUB3,Q9VUB3_DROME,nan,DROME,1.0,,,,,,,,,,,1,,,
Q9VTY7,Q9VTY7_DROME,nan,DROME,1.0,,,,,,,,,1,,,,,
Q9VRX0,Q9VRX0_DROME,nan,DROME,1.0,,,,,,,,,,,1,,,
nan,nan,ENSBTAP00000053602,BOVIN,1.0,,,,,,,,,1,,,,,
nan,nan,ENSCAFP00000015939,CANFA,1.0,,,,,,,,,,,1,,,
nan,nan,ENSMODP00000032966,MONDO,1.0,,,,,,,,,1,,,,,
nan,nan,ENSCAFP00000018632,CANFA,1.0,,,,,,,,,1,,,,,
nan,nan,ENSGALP00000038257,CHICK,1.0,,,,,,,,,1,,,,,
nan,nan,ENSGALP00000032772,CHICK,1.0,,,,,,,,,1,,,,,
nan,nan,ENSGALP00000028061,CHICK,1.0,,,,,,,,,1,,,,,
nan,nan,ENSGALP00000022237,CHICK,1.0,,,,,,,,,1,,,,,
nan,nan,ENSGALP00000021800,CHICK,1.0,,,,,,,,,1,,,,,
nan,nan,ENSGALP00000008856,CHICK,1.0,,,,,,,,,,,1,,,
nan,nan,ENSCINP00000016769,CIOIN,1.0,,,,,,,,,1,,,,,
nan,nan,ENSCINP00000015745,CIOIN,1.0,,,,,,,,,1,,,,,
nan,nan,ENSCINP00000015309,CIOIN,1.0,,,,,,,,,1,,,,,
nan,nan,ENSCINP00000010080,CIOIN,1.0,,,,,,,,,1,,,,,
nan,nan,ENSCINP00000009607,CIOIN,1.0,,,,,,,,,1,,,,,
nan,nan,ENSCINP00000004752,CIOIN,1.0,,,,,,,,,1,,,,,
nan,nan,ENSCINP00000001946,CIOIN,1.0,,,,,,,,,1,,,,,
nan,nan,ENSCAFP00000035081,CANFA,1.0,,,,,,,,,1,,,,,
nan,nan,ENSCAFP00000034144,CANFA,1.0,,,,,,,,,1,,,,,
nan,nan,ENSCAFP00000029446,CANFA,1.0,,,,,,,,,,,1,,,
nan,nan,ENSCAFP00000023749,CANFA,1.0,,,,,,,,,1,,,,,
Q7Q349,Q7Q349_ANOGA,nan,ANOGA,1.0,,,,,,,,,1,,,,,
Q7Q2C0,Q7Q2C0_ANOGA,nan,ANOGA,1.0,,,,,,,,,1,,,,,
Q7Q2B8,Q7Q2B8_ANOGA,nan,ANOGA,1.0,,,,,,,,,1,,,,,
Q1LW50,Q1LW50_DANRE,nan,DANRE,1.0,,,,,,,,,1,,,,,
Q1LXF6,Q1LXF6_DANRE,nan,DANRE,1.0,,,,,,,,,1,,,,,
Q1LWP5,Q1LWP5_DANRE,nan,DANRE,1.0,,,,,,,,,1,,,,,
Q1LWP3,Q1LWP3_DANRE,nan,DANRE,1.0,,,,,,,,,1,,,,,
Q1LWP2,Q1LWP2_DANRE,nan,DANRE,1.0,,,,,,,,,1,,,,,
Q1LWP0,Q1LWP0_DANRE,nan,DANRE,1.0,,,,,,,,,1,,,,,
Q1LWN7,nan,nan,nan,1.0,,,,,,,,,1,,,,,
Q1LW52,nan,nan,nan,1.0,,,,,,,,,1,,,,,
Q1LW51,nan,nan,nan,1.0,,,,,,,,,1,,,,,
Q1LW44,Q1LW44_DANRE,nan,DANRE,1.0,,,,,,,,,1,,,,,
Q7Q1P0,Q7Q1P0_ANOGA,nan,ANOGA,1.0,,,,,,,,,1,,,,,
Q1LW42,Q1LW42_DANRE,nan,DANRE,1.0,,,,,,,,,1,,,,,
Q1LW41,Q1LW41_DANRE,nan,DANRE,1.0,,,,,,,,,1,,,,,
Q1LW40,nan,nan,nan,1.0,,,,,,,,,1,,,,,
Q1LW38,nan,nan,nan,1.0,,,,,,,,,1,,,,,
Q1LVU4,nan,nan,nan,1.0,,,,,,,,,1,,,,,
Q1LVU3,nan,nan,nan,1.0,,,,,,,,,1,,,,,
Q1LVU1,nan,nan,nan,1.0,,,,,,,,,1,,,,,
Q1LVT8,Q1LVT8_DANRE,nan,DANRE,1.0,,,,,,,,,1,,,,,
Q1LXL7,Q1LXL7_DANRE,nan,DANRE,1.0,,,,,,,,,1,,,,,
Q1LXL9,nan,nan,nan,1.0,,,,,,,,,1,,,,,
Q1LXP9,Q1LXP9_DANRE,nan,DANRE,1.0,,,,,,,,,,,1,,,
Q1MSZ7,nan,nan,nan,1.0,,,,,,,,,1,,,,,
Q3UQL6,Q3UQL6_MOUSE,nan,MOUSE,1.0,,,,,,,,,1,,,,,
Q3UQ17,Q3UQ17_MOUSE,nan,MOUSE,1.0,,,,,,,,,,,1,,,
Q3UPV7,Q3UPV7_MOUSE,nan,MOUSE,1.0,,,,,,,,,1,,,,,
Q3UFF8,Q3UFF8_MOUSE,nan,MOUSE,1.0,,,,,,,,,1,,,,,
Q3UF22,Q3UF22_MOUSE,nan,MOUSE,1.0,,,,,,,,,1,,,,,
Q3TDE8,ZN691_MOUSE,nan,MOUSE,1.0,,,,,,,,,1,,,,,
Q3MHQ4,SNAI2_BOVIN,ENSBTAP00000017600,BOVIN,1.0,,,,,,,,,,,1,,,
Q3KNW1,SNAI3_HUMAN,nan,HUMAN,1.0,,,,,,,,,,,1,,,
Q39092,ZAT1_ARATH,nan,ARATH,1.0,,,,,,,,,,,1,,,
Q32PJ4,Q32PJ4_BOVIN,ENSBTAP00000014968,BOVIN,1.0,,,,,,,,,,,1,,,
Q2VPQ3,Q2VPQ3_MOUSE,nan,MOUSE,1.0,,,,,,,,,1,,,,,
Q2MGN0,Q2MGN0_DROME,nan,DROME,1.0,,,,,,,,,1,,,,,
Q2KI47,Q2KI47_BOVIN,ENSBTAP00000025340,BOVIN,1.0,,,,,,,,,1,,,,,
Q28C81,Q28C81_XENTR,ENSXETP00000054453,XENTR,1.0,,,,,,,,,1,,,,,
Q24140,Q24140_DROME,nan,DROME,1.0,,,,,,,,,,,1,,,
Q22867,nan,nan,nan,1.0,,,,,,,,,,,1,,,
Q1RL89,Q1RL89_CIOIN,ENSCINP00000015361,CIOIN,1.0,,,,,,,,,1,,,,,
Q1LVT7,Q1LVT7_DANRE,nan,DANRE,1.0,,,,,,,,,1,,,,,
Q1LUX5,Q1LUX5_DANRE,nan,DANRE,1.0,,,,,,,,,1,,,,,
Q1LUU8,Q1LUU8_DANRE,nan,DANRE,1.0,,,,,,,,,,,1,,,
P56671,MAZ_MOUSE,nan,MOUSE,1.0,,,,,,,,,,,1,,,
P52744,ZN138_HUMAN,nan,HUMAN,1.0,,,,,,,,,1,,,,,
P52743,ZN137_HUMAN,nan,HUMAN,1.0,,,,,,,,,1,,,,,
P51504,ZNF80_HUMAN,nan,HUMAN,1.0,,,,,,,,,1,,,,,
F1MQY7,F1MQY7_BOVIN,ENSBTAP00000048819,BOVIN,1.0,,,,,,,,,1,,,,,
P24399,ZN239_MOUSE,nan,MOUSE,1.0,,,,,,,,,1,,,,,
P17041,ZNF32_HUMAN,nan,HUMAN,1.0,,,,,,,,,1,,,,,
P17026,ZNF22_HUMAN,nan,HUMAN,1.0,,,,,,,,,1,,,,,
P10075,GLI4_HUMAN,nan,HUMAN,1.0,,,,,,,,,1,,,,,
P08044,SNAI_DROME,nan,DROME,1.0,,,,,,,,,1,,,,,
P07665,SRYB_DROME,nan,DROME,1.0,,,,,,,,,1,,,,,
O95863,SNAI1_HUMAN,nan,HUMAN,1.0,,,,,,,,,,,1,,,
O77161,O77161_BRAFL,nan,BRAFL,1.0,,,,,,,,,,,1,,,
O75840,KLF7_HUMAN,nan,HUMAN,1.0,,,,,,,,,1,,,,,
O62425,O62425_CAEEL,nan,CAEEL,1.0,,,,,,,,,1,,,,,
O45103,O45103_CAEEL,nan,CAEEL,1.0,,,,,,,,,1,,,,,
O44720,O44720_CAEEL,nan,CAEEL,1.0,,,,,,,,,1,,,,,
O43830,ZNF73_HUMAN,nan,HUMAN,1.0,,,,,,,,,1,,,,,
P56270,MAZ_HUMAN,nan,HUMAN,1.0,,,,,,,,,,,1,,,
P97469,SNAI2_MOUSE,nan,MOUSE,1.0,,,,,,,,,,,1,,,
Q1JQ43,Q1JQ43_DANRE,nan,DANRE,1.0,,,,,,,,,1,,,,,
Q02085,SNAI1_MOUSE,nan,MOUSE,1.0,,,,,,,,,,,1,,,
Q19203,UNC98_CAEEL,nan,CAEEL,1.0,,,,,,,,,1,,,,,
Q15940,ZNF67_HUMAN,nan,HUMAN,1.0,,,,,,,,,1,,,,,
Q14119,VEZF1_HUMAN,nan,HUMAN,1.0,,,,,,,,,,,1,,,
Q13351,KLF1_HUMAN,nan,HUMAN,1.0,,,,,,,,,1,,,,,
Q0V128,Q0V128_PHANO,nan,PHANO,1.0,,,,,,,,,,,1,,,
Q0UN20,Q0UN20_PHANO,nan,PHANO,1.0,,,,,,,,,,,1,,,
Q0UBT1,Q0UBT1_PHANO,nan,PHANO,1.0,,,,,,,,,,,1,,,
Q0P5B6,Q0P5B6_BOVIN,ENSBTAP00000043340,BOVIN,1.0,,,,,,,,,1,,,,,
Q0P4D4,Q0P4D4_DANRE,nan,DANRE,1.0,,,,,,,,,1,,,,,
Q0P433,Q0P433_DANRE,nan,DANRE,1.0,,,,,,,,,,,1,,,
Q0IHT4,Q0IHT4_XENTR,ENSXETP00000035779,XENTR,1.0,,,,,,,,,1,,,,,
Q0D2J5,ZN763_HUMAN,nan,HUMAN,1.0,,,,,,,,,1,,,,,
Q08C35,Q08C35_DANRE,nan,DANRE,1.0,,,,,,,,,1,,,,,
Q08BJ5,Q08BJ5_DANRE,nan,DANRE,1.0,,,,,,,,,,,1,,,
Q05516,ZBT16_HUMAN,nan,HUMAN,1.0,,,,,,,,,,,1,,,
Q03465,RPN4_YEAST,nan,YEAST,1.0,,,,,,,,,,,1,,,
Q02526,ZFP41_MOUSE,nan,MOUSE,1.0,,,,,,,,,1,,,,,
Q3UYP7,Q3UYP7_MOUSE,nan,MOUSE,1.0,,,,,,,,,1,,,,,
Q49A33,Z876P_HUMAN,nan,HUMAN,1.0,,,,,,,,,1,,,,,
Q4P1S6,Q4P1S6_USTMA,nan,USTMA,1.0,,,,,,,,,,,1,,,
Q6NZS5,Q6NZS5_DANRE,nan,DANRE,1.0,,,,,,,,,,,1,,,
Q6DJ09,Q6DJ09_XENTR,ENSXETP00000051787,XENTR,1.0,,,,,,,,,,,1,,,
Q6DIE9,Q6DIE9_XENTR,ENSXETP00000053523,XENTR,1.0,,,,,,,,,1,,,,,
Q6DEZ1,Q6DEZ1_XENTR,ENSXETP00000053907,XENTR,1.0,,,,,,,,,1,,,,,
Q6DEW9,Q6DEW9_XENTR,ENSXETP00000019604,XENTR,1.0,,,,,,,,,,,1,,,
Q6DD87,ZN787_HUMAN,nan,HUMAN,1.0,,,,,,,,,1,,,,,
Q6DC13,Q6DC13_DANRE,nan,DANRE,1.0,,,,,,,,,1,,,,,
Q6DBW0,IKZF5_DANRE,nan,DANRE,1.0,,,,,,,,,1,,,,,
Q6C407,Q6C407_YARLI,nan,YARLI,1.0,,,,,,,,,,,1,,,
Q6C0C6,Q6C0C6_YARLI,nan,YARLI,1.0,,,,,,,,,,,1,,,
Q6AY35,Q6AY35_RAT,ENSRNOP00000012939,RAT,1.0,,,,,,,,,,,1,,,
Q65ZG6,Q65ZG6_CAEEL,nan,CAEEL,1.0,,,,,,,,,1,,,,,
Q5ZM27,Q5ZM27_CHICK,nan,CHICK,1.0,,,,,,,,,,,1,,,
Q5ZLR2,IKZF5_CHICK,nan,CHICK,1.0,,,,,,,,,1,,,,,
Q5ZI79,Q5ZI79_CHICK,nan,CHICK,1.0,,,,,,,,,1,,,,,
Q5WRS2,nan,nan,nan,1.0,,,,,,,,,1,,,,,
Q5VV52,ZN691_HUMAN,nan,HUMAN,1.0,,,,,,,,,1,,,,,
Q5TYY4,Q5TYY4_DANRE,nan,DANRE,1.0,,,,,,,,,1,,,,,
Q6NZQ6,ZN740_MOUSE,nan,MOUSE,1.0,,,,,,,,,1,,,,,
Q6P311,Q6P311_XENTR,ENSXETP00000026599,XENTR,1.0,,,,,,,,,,,1,,,
Q5TUH3,Q5TUH3_ANOGA,nan,ANOGA,1.0,,,,,,,,,1,,,,,
Q6ZTB9,ZN833_HUMAN,nan,HUMAN,1.0,,,,,,,,,1,,,,,
Q7Q134,Q7Q134_ANOGA,nan,ANOGA,1.0,,,,,,,,,1,,,,,
Q7PZN5,Q7PZN5_ANOGA,nan,ANOGA,1.0,,,,,,,,,1,,,,,
Q7PZ73,Q7PZ73_ANOGA,nan,ANOGA,1.0,,,,,,,,,1,,,,,
Q7PYS1,Q7PYS1_ANOGA,nan,ANOGA,1.0,,,,,,,,,,,1,,,
Q7PYS0,Q7PYS0_ANOGA,nan,ANOGA,1.0,,,,,,,,,,,1,,,
Q7PY75,Q7PY75_ANOGA,nan,ANOGA,1.0,,,,,,,,,1,,,,,
Q7PXT7,Q7PXT7_ANOGA,nan,ANOGA,1.0,,,,,,,,,1,,,,,
Q7PXQ5,Q7PXQ5_ANOGA,nan,ANOGA,1.0,,,,,,,,,1,,,,,
Q7PWU8,Q7PWU8_ANOGA,nan,ANOGA,1.0,,,,,,,,,1,,,,,
Q7PWT8,Q7PWT8_ANOGA,nan,ANOGA,1.0,,,,,,,,,1,,,,,
Q7PW18,Q7PW18_ANOGA,nan,ANOGA,1.0,,,,,,,,,1,,,,,
Q7PSL7,Q7PSL7_ANOGA,nan,ANOGA,1.0,,,,,,,,,1,,,,,
Q7PRW6,Q7PRW6_ANOGA,nan,ANOGA,1.0,,,,,,,,,1,,,,,
Q7PN89,Q7PN89_ANOGA,nan,ANOGA,1.0,,,,,,,,,1,,,,,
Q7PN31,Q7PN31_ANOGA,nan,ANOGA,1.0,,,,,,,,,1,,,,,
Q7PJD4,Q7PJD4_ANOGA,nan,ANOGA,1.0,,,,,,,,,1,,,,,
Q7L3S4,ZN771_HUMAN,nan,HUMAN,1.0,,,,,,,,,1,,,,,
Q5TYN4,Q5TYN4_DANRE,nan,DANRE,1.0,,,,,,,,,1,,,,,
Q5TTA7,Q5TTA7_ANOGA,nan,ANOGA,1.0,,,,,,,,,1,,,,,
Q4P539,Q4P539_USTMA,nan,USTMA,1.0,,,,,,,,,,,1,,,
Q5BJB1,Q5BJB1_DANRE,nan,DANRE,1.0,,,,,,,,,1,,,,,
Q5AK93,Q5AK93_CANAL,nan,CANAL,1.0,,,,,,,,,1,,,,,
Q59KL6,TF3A_CANAL,nan,CANAL,1.0,,,,,,,,,,,1,,,
Q58ER6,Q58ER6_DANRE,nan,DANRE,1.0,,,,,,,,,1,,,,,
Q58EA9,Q58EA9_DANRE,nan,DANRE,1.0,,,,,,,,,1,,,,,
Q567X4,Q567X4_DANRE,nan,DANRE,1.0,,,,,,,,,1,,,,,
Q52KG4,Q52KG4_MOUSE,nan,MOUSE,1.0,,,,,,,,,,,1,,,
Q503R8,Q503R8_DANRE,nan,DANRE,1.0,,,,,,,,,1,,,,,
Q502L8,Q502L8_DANRE,nan,DANRE,1.0,,,,,,,,,1,,,,,
Q501V1,Q501V1_DANRE,nan,DANRE,1.0,,,,,,,,,1,,,,,
Q4V9G3,Q4V9G3_DANRE,nan,DANRE,1.0,,,,,,,,,1,,,,,
Q4V9F9,Q4V9F9_DANRE,nan,DANRE,1.0,,,,,,,,,1,,,,,
Q4V9E9,Q4V9E9_DANRE,nan,DANRE,1.0,,,,,,,,,1,,,,,
Q4V9E1,Q4V9E1_DANRE,nan,DANRE,1.0,,,,,,,,,1,,,,,
Q4V8J3,Q4V8J3_RAT,nan,RAT,1.0,,,,,,,,,1,,,,,
Q4V6Y7,Q4V6Y7_DROME,nan,DROME,1.0,,,,,,,,,1,,,,,
Q4V6X9,Q4V6X9_DROME,nan,DROME,1.0,,,,,,,,,1,,,,,
Q4QR79,Q4QR79_RAT,nan,RAT,1.0,,,,,,,,,1,,,,,
Q5APL3,Q5APL3_CANAL,nan,CANAL,1.0,,,,,,,,,,,1,,,
Q5CZM2,Q5CZM2_DANRE,nan,DANRE,1.0,,,,,,,,,1,,,,,
Q5TT52,Q5TT52_ANOGA,nan,ANOGA,1.0,,,,,,,,,1,,,,,
Q5CZR2,Q5CZR2_DANRE,nan,DANRE,1.0,,,,,,,,,1,,,,,
Q5TQF1,Q5TQF1_ANOGA,nan,ANOGA,1.0,,,,,,,,,1,,,,,
Q5TQE7,Q5TQE7_ANOGA,nan,ANOGA,1.0,,,,,,,,,1,,,,,
Q5TPV7,Q5TPV7_ANOGA,nan,ANOGA,1.0,,,,,,,,,,,1,,,
Q5TMJ3,Q5TMJ3_ANOGA,nan,ANOGA,1.0,,,,,,,,,1,,,,,
Q5T5D7,ZN684_HUMAN,nan,HUMAN,1.0,,,,,,,,,1,,,,,
Q5T0B9,ZN362_HUMAN,nan,HUMAN,1.0,,,,,,,,,,,1,,,
Q5SXC4,Q5SXC4_MOUSE,nan,MOUSE,1.0,,,,,,,,,,,1,,,
Q5RKG8,Q5RKG8_RAT,nan,RAT,1.0,,,,,,,,,1,,,,,
Q5RK20,Q5RK20_RAT,nan,RAT,1.0,,,,,,,,,1,,,,,
Q5PQY5,Q5PQY5_DANRE,nan,DANRE,1.0,,,,,,,,,,,1,,,
Q5EB05,Q5EB05_DANRE,nan,DANRE,1.0,,,,,,,,,1,,,,,
Q5EAQ6,Q5EAQ6_DANRE,nan,DANRE,1.0,,,,,,,,,1,,,,,
Q5EAQ0,Q5EAQ0_DANRE,nan,DANRE,1.0,,,,,,,,,1,,,,,
Q5DTG8,Q5DTG8_MOUSE,nan,MOUSE,1.0,,,,,,,,,1,,,,,
Q5CZU2,Q5CZU2_DANRE,nan,DANRE,1.0,,,,,,,,,1,,,,,
Q5CZS4,Q5CZS4_DANRE,nan,DANRE,1.0,,,,,,,,,1,,,,,
Q5CZR8,Q5CZR8_DANRE,nan,DANRE,1.0,,,,,,,,,1,,,,,
F1MR89,F1MR89_BOVIN,ENSBTAP00000000691,BOVIN,1.0,,,,,,,,,1,,,,,
F1MDT4,F1MDT4_BOVIN,ENSBTAP00000015819,BOVIN,1.0,,,,,,,,,,,1,,,
F1MN03,F1MN03_BOVIN,ENSBTAP00000049904,BOVIN,1.0,,,,,,,,,1,,,,,
C3XRW1,C3XRW1_BRAFL,nan,BRAFL,1.0,,,,,,,,,1,,,,,
C3XT88,C3XT88_BRAFL,nan,BRAFL,1.0,,,,,,,,,1,,,,,
C3XT79,C3XT79_BRAFL,nan,BRAFL,1.0,,,,,,,,,1,,,,,
C3XT76,C3XT76_BRAFL,nan,BRAFL,1.0,,,,,,,,,1,,,,,
C3XT75,C3XT75_BRAFL,nan,BRAFL,1.0,,,,,,,,,1,,,,,
C3XSV9,C3XSV9_BRAFL,nan,BRAFL,1.0,,,,,,,,,1,,,,,
C3XSP7,C3XSP7_BRAFL,nan,BRAFL,1.0,,,,,,,,,1,,,,,
C3XSE3,C3XSE3_BRAFL,nan,BRAFL,1.0,,,,,,,,,1,,,,,
C3XS49,C3XS49_BRAFL,nan,BRAFL,1.0,,,,,,,,,1,,,,,
C3XQN8,C3XQN8_BRAFL,nan,BRAFL,1.0,,,,,,,,,1,,,,,
C3XTT6,C3XTT6_BRAFL,nan,BRAFL,1.0,,,,,,,,,1,,,,,
C3XQL7,C3XQL7_BRAFL,nan,BRAFL,1.0,,,,,,,,,1,,,,,
C3XPP7,C3XPP7_BRAFL,nan,BRAFL,1.0,,,,,,,,,1,,,,,
B8JM04,B8JM04_DANRE,nan,DANRE,1.0,,,,,,,,,1,,,,,
B8JM01,B8JM01_DANRE,nan,DANRE,1.0,,,,,,,,,1,,,,,
B8JLW3,B8JLW3_DANRE,nan,DANRE,1.0,,,,,,,,,1,,,,,
B8JLW2,B8JLW2_DANRE,nan,DANRE,1.0,,,,,,,,,1,,,,,
B8JLW1,B8JLW1_DANRE,nan,DANRE,1.0,,,,,,,,,1,,,,,
B8JLW0,B8JLW0_DANRE,nan,DANRE,1.0,,,,,,,,,1,,,,,
C3XT92,C3XT92_BRAFL,nan,BRAFL,1.0,,,,,,,,,1,,,,,
C3XUA8,C3XUA8_BRAFL,nan,BRAFL,1.0,,,,,,,,,1,,,,,
C3XWZ8,C3XWZ8_BRAFL,nan,BRAFL,1.0,,,,,,,,,1,,,,,
C3XWX9,C3XWX9_BRAFL,nan,BRAFL,1.0,,,,,,,,,1,,,,,
C3XWZ6,C3XWZ6_BRAFL,nan,BRAFL,1.0,,,,,,,,,1,,,,,
C3XWZ5,C3XWZ5_BRAFL,nan,BRAFL,1.0,,,,,,,,,1,,,,,
C3XWZ3,C3XWZ3_BRAFL,nan,BRAFL,1.0,,,,,,,,,1,,,,,
C3XWZ1,C3XWZ1_BRAFL,nan,BRAFL,1.0,,,,,,,,,1,,,,,
C3XWY7,C3XWY7_BRAFL,nan,BRAFL,1.0,,,,,,,,,1,,,,,
C3XWY4,C3XWY4_BRAFL,nan,BRAFL,1.0,,,,,,,,,1,,,,,
C3XWY3,C3XWY3_BRAFL,nan,BRAFL,1.0,,,,,,,,,1,,,,,
C3XWY1,C3XWY1_BRAFL,nan,BRAFL,1.0,,,,,,,,,1,,,,,
C3XWX8,C3XWX8_BRAFL,nan,BRAFL,1.0,,,,,,,,,1,,,,,
C3XUB0,C3XUB0_BRAFL,nan,BRAFL,1.0,,,,,,,,,1,,,,,
C3XWX7,C3XWX7_BRAFL,nan,BRAFL,1.0,,,,,,,,,1,,,,,
C3XWX6,C3XWX6_BRAFL,nan,BRAFL,1.0,,,,,,,,,1,,,,,
C3XWU1,C3XWU1_BRAFL,nan,BRAFL,1.0,,,,,,,,,1,,,,,
C3XWS8,C3XWS8_BRAFL,nan,BRAFL,1.0,,,,,,,,,1,,,,,
C3XWP3,C3XWP3_BRAFL,nan,BRAFL,1.0,,,,,,,,,1,,,,,
C3XW27,C3XW27_BRAFL,nan,BRAFL,1.0,,,,,,,,,1,,,,,
C3XVG2,C3XVG2_BRAFL,nan,BRAFL,1.0,,,,,,,,,1,,,,,
C3XVC0,C3XVC0_BRAFL,nan,BRAFL,1.0,,,,,,,,,1,,,,,
B8JLV9,B8JLV9_DANRE,nan,DANRE,1.0,,,,,,,,,1,,,,,
B8JLV8,B8JLV8_DANRE,nan,DANRE,1.0,,,,,,,,,1,,,,,
B8JL75,B8JL75_DANRE,nan,DANRE,1.0,,,,,,,,,1,,,,,
B7PYS7,B7PYS7_IXOSC,nan,IXOSC,1.0,,,,,,,,,1,,,,,
B7Q7N8,B7Q7N8_IXOSC,nan,IXOSC,1.0,,,,,,,,,1,,,,,
B7Q4A0,B7Q4A0_IXOSC,nan,IXOSC,1.0,,,,,,,,,1,,,,,
B7Q2D3,B7Q2D3_IXOSC,nan,IXOSC,1.0,,,,,,,,,1,,,,,
B7Q1Q4,B7Q1Q4_IXOSC,nan,IXOSC,1.0,,,,,,,,,1,,,,,
B7Q0F2,B7Q0F2_IXOSC,nan,IXOSC,1.0,,,,,,,,,1,,,,,
B7PZR7,B7PZR7_IXOSC,nan,IXOSC,1.0,,,,,,,,,1,,,,,
B7PZ99,B7PZ99_IXOSC,nan,IXOSC,1.0,,,,,,,,,1,,,,,
B7PYT0,B7PYT0_IXOSC,nan,IXOSC,1.0,,,,,,,,,1,,,,,
B7PYM2,B7PYM2_IXOSC,nan,IXOSC,1.0,,,,,,,,,1,,,,,
B8A5Z6,B8A5Z6_DANRE,nan,DANRE,1.0,,,,,,,,,1,,,,,
B7PX14,B7PX14_IXOSC,nan,IXOSC,1.0,,,,,,,,,1,,,,,
B7PVN0,B7PVN0_IXOSC,nan,IXOSC,1.0,,,,,,,,,1,,,,,
B7PVM5,B7PVM5_IXOSC,nan,IXOSC,1.0,,,,,,,,,1,,,,,
B7PVM4,B7PVM4_IXOSC,nan,IXOSC,1.0,,,,,,,,,1,,,,,
B7PTR8,B7PTR8_IXOSC,nan,IXOSC,1.0,,,,,,,,,1,,,,,
B7PTJ2,B7PTJ2_IXOSC,nan,IXOSC,1.0,,,,,,,,,1,,,,,
B7PTE4,B7PTE4_IXOSC,nan,IXOSC,1.0,,,,,,,,,1,,,,,
B7PTC6,B7PTC6_IXOSC,nan,IXOSC,1.0,,,,,,,,,1,,,,,
B7Q923,B7Q923_IXOSC,nan,IXOSC,1.0,,,,,,,,,1,,,,,
B7Q9E6,B7Q9E6_IXOSC,nan,IXOSC,1.0,,,,,,,,,1,,,,,
B7QAQ6,B7QAQ6_IXOSC,nan,IXOSC,1.0,,,,,,,,,1,,,,,
B7QAQ7,B7QAQ7_IXOSC,nan,IXOSC,1.0,,,,,,,,,1,,,,,
B8A5Z5,B8A5Z5_DANRE,nan,DANRE,1.0,,,,,,,,,1,,,,,
B8A5Z4,B8A5Z4_DANRE,nan,DANRE,1.0,,,,,,,,,1,,,,,
B7ZV27,B7ZV27_DANRE,nan,DANRE,1.0,,,,,,,,,1,,,,,
B7ZUX7,B7ZUX7_DANRE,nan,DANRE,1.0,,,,,,,,,1,,,,,
B7QJW9,B7QJW9_IXOSC,nan,IXOSC,1.0,,,,,,,,,1,,,,,
B7QJK4,B7QJK4_IXOSC,nan,IXOSC,1.0,,,,,,,,,1,,,,,
B7QFG2,B7QFG2_IXOSC,nan,IXOSC,1.0,,,,,,,,,1,,,,,
B7QDM4,B7QDM4_IXOSC,nan,IXOSC,1.0,,,,,,,,,1,,,,,
B7QDM3,B7QDM3_IXOSC,nan,IXOSC,1.0,,,,,,,,,1,,,,,
B7QDM0,B7QDM0_IXOSC,nan,IXOSC,1.0,,,,,,,,,1,,,,,
B7QDL7,B7QDL7_IXOSC,nan,IXOSC,1.0,,,,,,,,,1,,,,,
B7QCI0,B7QCI0_IXOSC,nan,IXOSC,1.0,,,,,,,,,1,,,,,
B7QC10,B7QC10_IXOSC,nan,IXOSC,1.0,,,,,,,,,1,,,,,
B7QAS2,B7QAS2_IXOSC,nan,IXOSC,1.0,,,,,,,,,1,,,,,
B7QAR3,B7QAR3_IXOSC,nan,IXOSC,1.0,,,,,,,,,1,,,,,
B7QAR1,B7QAR1_IXOSC,nan,IXOSC,1.0,,,,,,,,,1,,,,,
B7QAQ8,B7QAQ8_IXOSC,nan,IXOSC,1.0,,,,,,,,,1,,,,,
C3XWZ7,C3XWZ7_BRAFL,nan,BRAFL,1.0,,,,,,,,,1,,,,,
C3XWZ9,C3XWZ9_BRAFL,nan,BRAFL,1.0,,,,,,,,,1,,,,,
F1MMF2,F1MMF2_BOVIN,ENSBTAP00000008008,BOVIN,1.0,,,,,,,,,1,,,,,
C3YHJ8,C3YHJ8_BRAFL,nan,BRAFL,1.0,,,,,,,,,1,,,,,
C3YHN0,C3YHN0_BRAFL,nan,BRAFL,1.0,,,,,,,,,1,,,,,
C3YHM3,C3YHM3_BRAFL,nan,BRAFL,1.0,,,,,,,,,1,,,,,
C3YHM1,C3YHM1_BRAFL,nan,BRAFL,1.0,,,,,,,,,1,,,,,
C3YHM0,C3YHM0_BRAFL,nan,BRAFL,1.0,,,,,,,,,1,,,,,
C3YHL2,C3YHL2_BRAFL,nan,BRAFL,1.0,,,,,,,,,1,,,,,
C3YHL1,C3YHL1_BRAFL,nan,BRAFL,1.0,,,,,,,,,1,,,,,
C3YHL0,C3YHL0_BRAFL,nan,BRAFL,1.0,,,,,,,,,1,,,,,
C3YHK5,C3YHK5_BRAFL,nan,BRAFL,1.0,,,,,,,,,1,,,,,
C3YHJ4,C3YHJ4_BRAFL,nan,BRAFL,1.0,,,,,,,,,1,,,,,
C3YHP1,C3YHP1_BRAFL,nan,BRAFL,1.0,,,,,,,,,1,,,,,
C3YHH7,C3YHH7_BRAFL,nan,BRAFL,1.0,,,,,,,,,1,,,,,
C3YHH6,C3YHH6_BRAFL,nan,BRAFL,1.0,,,,,,,,,1,,,,,
C3YGS6,C3YGS6_BRAFL,nan,BRAFL,1.0,,,,,,,,,1,,,,,
C3YGF6,C3YGF6_BRAFL,nan,BRAFL,1.0,,,,,,,,,1,,,,,
C3YG47,C3YG47_BRAFL,nan,BRAFL,1.0,,,,,,,,,1,,,,,
C3YG42,C3YG42_BRAFL,nan,BRAFL,1.0,,,,,,,,,1,,,,,
C3YG41,C3YG41_BRAFL,nan,BRAFL,1.0,,,,,,,,,1,,,,,
C3YG33,C3YG33_BRAFL,nan,BRAFL,1.0,,,,,,,,,1,,,,,
C3YHN1,C3YHN1_BRAFL,nan,BRAFL,1.0,,,,,,,,,1,,,,,
C3YHP4,C3YHP4_BRAFL,nan,BRAFL,1.0,,,,,,,,,1,,,,,
C3XX00,C3XX00_BRAFL,nan,BRAFL,1.0,,,,,,,,,1,,,,,
C3YKA8,C3YKA8_BRAFL,nan,BRAFL,1.0,,,,,,,,,1,,,,,
C3YL68,C3YL68_BRAFL,nan,BRAFL,1.0,,,,,,,,,1,,,,,
C3YKY6,C3YKY6_BRAFL,nan,BRAFL,1.0,,,,,,,,,1,,,,,
C3YKY3,C3YKY3_BRAFL,nan,BRAFL,1.0,,,,,,,,,1,,,,,
C3YKL9,C3YKL9_BRAFL,nan,BRAFL,1.0,,,,,,,,,1,,,,,
C3YKL8,C3YKL8_BRAFL,nan,BRAFL,1.0,,,,,,,,,1,,,,,
C3YKL7,C3YKL7_BRAFL,nan,BRAFL,1.0,,,,,,,,,1,,,,,
C3YKL5,C3YKL5_BRAFL,nan,BRAFL,1.0,,,,,,,,,1,,,,,
C3YKL4,C3YKL4_BRAFL,nan,BRAFL,1.0,,,,,,,,,1,,,,,
C3YK81,C3YK81_BRAFL,nan,BRAFL,1.0,,,,,,,,,1,,,,,
C3YHP6,C3YHP6_BRAFL,nan,BRAFL,1.0,,,,,,,,,1,,,,,
C3YK73,C3YK73_BRAFL,nan,BRAFL,1.0,,,,,,,,,1,,,,,
C3YJ85,C3YJ85_BRAFL,nan,BRAFL,1.0,,,,,,,,,1,,,,,
C3YIF9,C3YIF9_BRAFL,nan,BRAFL,1.0,,,,,,,,,1,,,,,
C3YI93,C3YI93_BRAFL,nan,BRAFL,1.0,,,,,,,,,1,,,,,
C3YHS6,C3YHS6_BRAFL,nan,BRAFL,1.0,,,,,,,,,1,,,,,
C3YHQ6,C3YHQ6_BRAFL,nan,BRAFL,1.0,,,,,,,,,1,,,,,
C3YHQ3,C3YHQ3_BRAFL,nan,BRAFL,1.0,,,,,,,,,1,,,,,
C3YHQ0,C3YHQ0_BRAFL,nan,BRAFL,1.0,,,,,,,,,1,,,,,
C3YG32,C3YG32_BRAFL,nan,BRAFL,1.0,,,,,,,,,1,,,,,
C3YFR2,C3YFR2_BRAFL,nan,BRAFL,1.0,,,,,,,,,1,,,,,
C3YFR1,C3YFR1_BRAFL,nan,BRAFL,1.0,,,,,,,,,1,,,,,
C3Y0L8,C3Y0L8_BRAFL,nan,BRAFL,1.0,,,,,,,,,1,,,,,
C3Y7I2,C3Y7I2_BRAFL,nan,BRAFL,1.0,,,,,,,,,1,,,,,
C3Y572,C3Y572_BRAFL,nan,BRAFL,1.0,,,,,,,,,1,,,,,
C3Y549,C3Y549_BRAFL,nan,BRAFL,1.0,,,,,,,,,1,,,,,
C3Y4M0,C3Y4M0_BRAFL,nan,BRAFL,1.0,,,,,,,,,1,,,,,
C3Y3L3,C3Y3L3_BRAFL,nan,BRAFL,1.0,,,,,,,,,1,,,,,
C3Y343,C3Y343_BRAFL,nan,BRAFL,1.0,,,,,,,,,1,,,,,
C3Y2U5,C3Y2U5_BRAFL,nan,BRAFL,1.0,,,,,,,,,1,,,,,
C3Y237,C3Y237_BRAFL,nan,BRAFL,1.0,,,,,,,,,1,,,,,
C3XZP0,C3XZP0_BRAFL,nan,BRAFL,1.0,,,,,,,,,1,,,,,
C3YFH1,C3YFH1_BRAFL,nan,BRAFL,1.0,,,,,,,,,1,,,,,
C3XZH5,C3XZH5_BRAFL,nan,BRAFL,1.0,,,,,,,,,1,,,,,
C3XYL8,C3XYL8_BRAFL,nan,BRAFL,1.0,,,,,,,,,1,,,,,
C3XX18,C3XX18_BRAFL,nan,BRAFL,1.0,,,,,,,,,1,,,,,
C3XX17,C3XX17_BRAFL,nan,BRAFL,1.0,,,,,,,,,1,,,,,
C3XX08,C3XX08_BRAFL,nan,BRAFL,1.0,,,,,,,,,1,,,,,
C3XX06,C3XX06_BRAFL,nan,BRAFL,1.0,,,,,,,,,1,,,,,
C3XX04,C3XX04_BRAFL,nan,BRAFL,1.0,,,,,,,,,1,,,,,
C3XX03,C3XX03_BRAFL,nan,BRAFL,1.0,,,,,,,,,1,,,,,
C3Y7I6,C3Y7I6_BRAFL,nan,BRAFL,1.0,,,,,,,,,1,,,,,
C3Y7Q5,C3Y7Q5_BRAFL,nan,BRAFL,1.0,,,,,,,,,1,,,,,
C3Y7T3,C3Y7T3_BRAFL,nan,BRAFL,1.0,,,,,,,,,1,,,,,
C3Y9Q3,C3Y9Q3_BRAFL,nan,BRAFL,1.0,,,,,,,,,1,,,,,
C3YFF3,C3YFF3_BRAFL,nan,BRAFL,1.0,,,,,,,,,1,,,,,
C3YFE7,C3YFE7_BRAFL,nan,BRAFL,1.0,,,,,,,,,1,,,,,
C3YFE5,C3YFE5_BRAFL,nan,BRAFL,1.0,,,,,,,,,1,,,,,
C3YEQ3,C3YEQ3_BRAFL,nan,BRAFL,1.0,,,,,,,,,1,,,,,
C3YEK7,C3YEK7_BRAFL,nan,BRAFL,1.0,,,,,,,,,1,,,,,
C3YE66,C3YE66_BRAFL,nan,BRAFL,1.0,,,,,,,,,1,,,,,
C3YE62,C3YE62_BRAFL,nan,BRAFL,1.0,,,,,,,,,1,,,,,
C3YE48,C3YE48_BRAFL,nan,BRAFL,1.0,,,,,,,,,1,,,,,
C3YDU0,C3YDU0_BRAFL,nan,BRAFL,1.0,,,,,,,,,1,,,,,
C3YAL4,C3YAL4_BRAFL,nan,BRAFL,1.0,,,,,,,,,1,,,,,
C3YAL3,C3YAL3_BRAFL,nan,BRAFL,1.0,,,,,,,,,1,,,,,
C3YAL1,C3YAL1_BRAFL,nan,BRAFL,1.0,,,,,,,,,1,,,,,
C3YAL0,C3YAL0_BRAFL,nan,BRAFL,1.0,,,,,,,,,1,,,,,
C3YAK9,C3YAK9_BRAFL,nan,BRAFL,1.0,,,,,,,,,1,,,,,
C3YAK8,C3YAK8_BRAFL,nan,BRAFL,1.0,,,,,,,,,1,,,,,
C3YAK6,C3YAK6_BRAFL,nan,BRAFL,1.0,,,,,,,,,1,,,,,
C3Y9R9,C3Y9R9_BRAFL,nan,BRAFL,1.0,,,,,,,,,1,,,,,
B7PTA8,B7PTA8_IXOSC,nan,IXOSC,1.0,,,,,,,,,1,,,,,
B7PRS2,B7PRS2_IXOSC,nan,IXOSC,1.0,,,,,,,,,1,,,,,
B7PQD8,B7PQD8_IXOSC,nan,IXOSC,1.0,,,,,,,,,1,,,,,
A7MCB5,A7MCB5_DANRE,nan,DANRE,1.0,,,,,,,,,1,,,,,
A7YYB7,A7YYB7_DANRE,nan,DANRE,1.0,,,,,,,,,1,,,,,
A7YYA6,A7YYA6_DANRE,nan,DANRE,1.0,,,,,,,,,1,,,,,
A7UVG5,A7UVG5_ANOGA,nan,ANOGA,1.0,,,,,,,,,1,,,,,
A7UUU2,A7UUU2_ANOGA,nan,ANOGA,1.0,,,,,,,,,,,1,,,
A7UUR9,A7UUR9_ANOGA,nan,ANOGA,1.0,,,,,,,,,1,,,,,
A7USB8,A7USB8_ANOGA,nan,ANOGA,1.0,,,,,,,,,1,,,,,
A7MCP3,A7MCP3_DANRE,nan,DANRE,1.0,,,,,,,,,1,,,,,
A7MCE0,A7MCE0_DANRE,nan,DANRE,1.0,,,,,,,,,1,,,,,
A7MCB3,A7MCB3_DANRE,nan,DANRE,1.0,,,,,,,,,1,,,,,
A7YYC6,A7YYC6_DANRE,nan,DANRE,1.0,,,,,,,,,1,,,,,
A7MCA4,A7MCA4_DANRE,nan,DANRE,1.0,,,,,,,,,1,,,,,
A7MC87,A7MC87_DANRE,nan,DANRE,1.0,,,,,,,,,1,,,,,
A7MBU3,A7MBU3_DANRE,nan,DANRE,1.0,,,,,,,,,1,,,,,
A7F7G9,A7F7G9_SCLS1,nan,SCLS1,1.0,,,,,,,,,,,1,,,
A7EY61,A7EY61_SCLS1,nan,SCLS1,1.0,,,,,,,,,,,1,,,
A7EPQ9,A7EPQ9_SCLS1,nan,SCLS1,1.0,,,,,,,,,,,1,,,
A7ENU7,A7ENU7_SCLS1,nan,SCLS1,1.0,,,,,,,,,,,1,,,
A7EJ96,A7EJ96_SCLS1,nan,SCLS1,1.0,,,,,,,,,,,1,,,
A7YYC4,A7YYC4_DANRE,nan,DANRE,1.0,,,,,,,,,1,,,,,
A7YYC7,A7YYC7_DANRE,nan,DANRE,1.0,,,,,,,,,1,,,,,
B7PQ69,B7PQ69_IXOSC,nan,IXOSC,1.0,,,,,,,,,1,,,,,
A8KB72,A8KB72_DANRE,nan,DANRE,1.0,,,,,,,,,1,,,,,
A8KC56,A8KC56_DANRE,nan,DANRE,1.0,,,,,,,,,1,,,,,
A8KC55,A8KC55_DANRE,nan,DANRE,1.0,,,,,,,,,1,,,,,
A8KC53,A8KC53_DANRE,nan,DANRE,1.0,,,,,,,,,1,,,,,
A8KC44,A8KC44_DANRE,nan,DANRE,1.0,,,,,,,,,1,,,,,
A8KBW9,A8KBW9_DANRE,nan,DANRE,1.0,,,,,,,,,1,,,,,
A8KBM5,A8KBM5_DANRE,nan,DANRE,1.0,,,,,,,,,1,,,,,
A8KBM2,A8KBM2_DANRE,nan,DANRE,1.0,,,,,,,,,1,,,,,
A8KBK0,A8KBK0_DANRE,nan,DANRE,1.0,,,,,,,,,1,,,,,
A8KB69,A8KB69_DANRE,nan,DANRE,1.0,,,,,,,,,1,,,,,
A8DZA8,nan,nan,nan,1.0,,,,,,,,,1,,,,,
A8KB37,A8KB37_DANRE,nan,DANRE,1.0,,,,,,,,,1,,,,,
A8E5E0,A8E5E0_DANRE,nan,DANRE,1.0,,,,,,,,,1,,,,,
A8E5B1,A8E5B1_DANRE,nan,DANRE,1.0,,,,,,,,,1,,,,,
A8E519,A8E519_DANRE,nan,DANRE,1.0,,,,,,,,,1,,,,,
A8DZC7,A8DZC7_DANRE,nan,DANRE,1.0,,,,,,,,,1,,,,,
A8DZC3,A8DZC3_DANRE,nan,DANRE,1.0,,,,,,,,,1,,,,,
A8DZC2,A8DZC2_DANRE,nan,DANRE,1.0,,,,,,,,,1,,,,,
A8DZB7,A8DZB7_DANRE,nan,DANRE,1.0,,,,,,,,,1,,,,,
A7EGG8,A7EGG8_SCLS1,nan,SCLS1,1.0,,,,,,,,,,,1,,,
A7EFT1,A7EFT1_SCLS1,nan,SCLS1,1.0,,,,,,,,,,,1,,,
A7E2L3,A7E2L3_DANRE,nan,DANRE,1.0,,,,,,,,,1,,,,,
A2CEX8,A2CEX8_DANRE,nan,DANRE,1.0,,,,,,,,,1,,,,,
A3KNX0,A3KNX0_DANRE,nan,DANRE,1.0,,,,,,,,,,,1,,,
A3FEV4,A3FEV4_DANRE,nan,DANRE,1.0,,,,,,,,,1,,,,,
A2VDT4,OVOL1_BOVIN,ENSBTAP00000016791,BOVIN,1.0,,,,,,,,,1,,,,,
A2E6A3,A2E6A3_TRIVA,nan,TRIVA,1.0,,,,,,,,,1,,,,,
A2CEY3,A2CEY3_DANRE,nan,DANRE,1.0,,,,,,,,,1,,,,,
A2CEY1,A2CEY1_DANRE,nan,DANRE,1.0,,,,,,,,,1,,,,,
A2CEY0,A2CEY0_DANRE,nan,DANRE,1.0,,,,,,,,,1,,,,,
A2CEX9,A2CEX9_DANRE,nan,DANRE,1.0,,,,,,,,,1,,,,,
A2BGS7,A2BGS7_DANRE,nan,DANRE,1.0,,,,,,,,,1,,,,,
A6QQ84,A6QQ84_BOVIN,ENSBTAP00000005489,BOVIN,1.0,,,,,,,,,,,1,,,
A1Z791,A1Z791_DROME,nan,DROME,1.0,,,,,,,,,1,,,,,
A1L1T0,A1L1T0_DANRE,nan,DANRE,1.0,,,,,,,,,,,1,,,
A0NGD7,A0NGD7_ANOGA,nan,ANOGA,1.0,,,,,,,,,1,,,,,
A0NFH6,A0NFH6_ANOGA,nan,ANOGA,1.0,,,,,,,,,1,,,,,
A0NF79,A0NF79_ANOGA,nan,ANOGA,1.0,,,,,,,,,1,,,,,
A0NDB0,nan,nan,nan,1.0,,,,,,,,,1,,,,,
A0NBW7,A0NBW7_ANOGA,nan,ANOGA,1.0,,,,,,,,,1,,,,,
A0NBG7,A0NBG7_ANOGA,nan,ANOGA,1.0,,,,,,,,,1,,,,,
A3KP52,A3KP52_DANRE,nan,DANRE,1.0,,,,,,,,,1,,,,,
A3KPU5,A3KPU5_DANRE,nan,DANRE,1.0,,,,,,,,,1,,,,,
A3KPU6,nan,nan,nan,1.0,,,,,,,,,1,,,,,
A3KPU8,nan,nan,nan,1.0,,,,,,,,,1,,,,,
A6NM28,ZFP92_HUMAN,nan,HUMAN,1.0,,,,,,,,,1,,,,,
A5XCD6,A5XCD6_DANRE,nan,DANRE,1.0,,,,,,,,,1,,,,,
A5WWL3,A5WWL3_DANRE,nan,DANRE,1.0,,,,,,,,,1,,,,,
A5WWL1,A5WWL1_DANRE,nan,DANRE,1.0,,,,,,,,,1,,,,,
A5WWL0,A5WWL0_DANRE,nan,DANRE,1.0,,,,,,,,,1,,,,,
A5WWK9,A5WWK9_DANRE,nan,DANRE,1.0,,,,,,,,,1,,,,,
A5PLB8,A5PLB8_DANRE,nan,DANRE,1.0,,,,,,,,,1,,,,,
A5PLB7,A5PLB7_DANRE,nan,DANRE,1.0,,,,,,,,,1,,,,,
A5PJI8,A5PJI8_BOVIN,ENSBTAP00000021685,BOVIN,1.0,,,,,,,,,1,,,,,
A4VCH2,A4VCH2_DANRE,nan,DANRE,1.0,,,,,,,,,1,,,,,
A4IGG0,A4IGG0_DANRE,nan,DANRE,1.0,,,,,,,,,1,,,,,
A4IGF8,A4IGF8_DANRE,nan,DANRE,1.0,,,,,,,,,1,,,,,
A4IFJ6,IKZF5_BOVIN,ENSBTAP00000032681,BOVIN,1.0,,,,,,,,,1,,,,,
A4FVL9,A4FVL9_DANRE,nan,DANRE,1.0,,,,,,,,,1,,,,,
A3KPV2,A3KPV2_DANRE,nan,DANRE,1.0,,,,,,,,,1,,,,,
A3KPV0,A3KPV0_DANRE,nan,DANRE,1.0,,,,,,,,,1,,,,,
A3KPU9,nan,nan,nan,1.0,,,,,,,,,1,,,,,
A8WGK3,A8WGK3_DANRE,nan,DANRE,1.0,,,,,,,,,1,,,,,
A8WGK4,A8WGK4_DANRE,nan,DANRE,1.0,,,,,,,,,1,,,,,
A8WGK5,A8WGK5_DANRE,nan,DANRE,1.0,,,,,,,,,1,,,,,
B7P1S0,B7P1S0_IXOSC,nan,IXOSC,1.0,,,,,,,,,1,,,,,
B7P4Z6,B7P4Z6_IXOSC,nan,IXOSC,1.0,,,,,,,,,1,,,,,
B7P4W1,B7P4W1_IXOSC,nan,IXOSC,1.0,,,,,,,,,1,,,,,
B7P4M9,B7P4M9_IXOSC,nan,IXOSC,1.0,,,,,,,,,1,,,,,
B7P3D2,B7P3D2_IXOSC,nan,IXOSC,1.0,,,,,,,,,1,,,,,
B7P2G2,B7P2G2_IXOSC,nan,IXOSC,1.0,,,,,,,,,1,,,,,
B7P240,B7P240_IXOSC,nan,IXOSC,1.0,,,,,,,,,1,,,,,
B7P235,B7P235_IXOSC,nan,IXOSC,1.0,,,,,,,,,1,,,,,
B7P214,B7P214_IXOSC,nan,IXOSC,1.0,,,,,,,,,1,,,,,
B7P1M5,B7P1M5_IXOSC,nan,IXOSC,1.0,,,,,,,,,1,,,,,
B0YC99,B0YC99_ASPFC,nan,ASPFC,1.0,,,,,,,,,,,1,,,
B7P1E1,B7P1E1_IXOSC,nan,IXOSC,1.0,,,,,,,,,1,,,,,
B7P0V6,B7P0V6_IXOSC,nan,IXOSC,1.0,,,,,,,,,1,,,,,
B7P0V5,B7P0V5_IXOSC,nan,IXOSC,1.0,,,,,,,,,1,,,,,
B3DKF7,B3DKF7_DANRE,nan,DANRE,1.0,,,,,,,,,1,,,,,
B3DG10,B3DG10_DANRE,nan,DANRE,1.0,,,,,,,,,1,,,,,
B2M0R7,B2M0R7_MOUSE,nan,MOUSE,1.0,,,,,,,,,1,,,,,
B2GV80,B2GV80_RAT,nan,RAT,1.0,,,,,,,,,1,,,,,
B1WB85,B1WB85_DANRE,nan,DANRE,1.0,,,,,,,,,1,,,,,
B7P5E6,B7P5E6_IXOSC,nan,IXOSC,1.0,,,,,,,,,1,,,,,
B7P5L0,B7P5L0_IXOSC,nan,IXOSC,1.0,,,,,,,,,1,,,,,
B7P607,B7P607_IXOSC,nan,IXOSC,1.0,,,,,,,,,1,,,,,
B7P7J3,B7P7J3_IXOSC,nan,IXOSC,1.0,,,,,,,,,,,1,,,
B7PQ65,B7PQ65_IXOSC,nan,IXOSC,1.0,,,,,,,,,1,,,,,
B7PMJ0,B7PMJ0_IXOSC,nan,IXOSC,1.0,,,,,,,,,1,,,,,
B7PMF7,B7PMF7_IXOSC,nan,IXOSC,1.0,,,,,,,,,1,,,,,
B7PME0,B7PME0_IXOSC,nan,IXOSC,1.0,,,,,,,,,1,,,,,
B7PM43,B7PM43_IXOSC,nan,IXOSC,1.0,,,,,,,,,1,,,,,
B7PJ03,B7PJ03_IXOSC,nan,IXOSC,1.0,,,,,,,,,1,,,,,
B7PHV9,B7PHV9_IXOSC,nan,IXOSC,1.0,,,,,,,,,1,,,,,
B7PGN3,B7PGN3_IXOSC,nan,IXOSC,1.0,,,,,,,,,1,,,,,
B7PGN2,B7PGN2_IXOSC,nan,IXOSC,1.0,,,,,,,,,1,,,,,
B7PGK7,B7PGK7_IXOSC,nan,IXOSC,1.0,,,,,,,,,1,,,,,
B7PG42,B7PG42_IXOSC,nan,IXOSC,1.0,,,,,,,,,1,,,,,
B7PEX9,B7PEX9_IXOSC,nan,IXOSC,1.0,,,,,,,,,1,,,,,
B7PE65,B7PE65_IXOSC,nan,IXOSC,1.0,,,,,,,,,1,,,,,
B7PCU7,B7PCU7_IXOSC,nan,IXOSC,1.0,,,,,,,,,1,,,,,
B7P9T1,B7P9T1_IXOSC,nan,IXOSC,1.0,,,,,,,,,1,,,,,
B7P8H1,B7P8H1_IXOSC,nan,IXOSC,1.0,,,,,,,,,1,,,,,
B7P868,B7P868_IXOSC,nan,IXOSC,1.0,,,,,,,,,1,,,,,
B1ASA5,B1ASA5_MOUSE,nan,MOUSE,1.0,,,,,,,,,,,1,,,
B0XZE4,B0XZE4_ASPFC,nan,ASPFC,1.0,,,,,,,,,,,1,,,
A8WGK9,A8WGK9_DANRE,nan,DANRE,1.0,,,,,,,,,1,,,,,
A9JSU5,A9JSU5_DANRE,nan,DANRE,1.0,,,,,,,,,1,,,,,
A9S0H6,A9S0H6_PHYPA,nan,PHYPA,1.0,,,,,,,,,,,1,,,
A9JTF6,A9JTF6_DANRE,nan,DANRE,1.0,,,,,,,,,1,,,,,
A9JTD3,A9JTD3_DANRE,nan,DANRE,1.0,,,,,,,,,1,,,,,
A9JT91,A9JT91_DANRE,nan,DANRE,1.0,,,,,,,,,1,,,,,
A9JT88,A9JT88_DANRE,nan,DANRE,1.0,,,,,,,,,1,,,,,
A9JT87,A9JT87_DANRE,nan,DANRE,1.0,,,,,,,,,1,,,,,
A9JT63,A9JT63_DANRE,nan,DANRE,1.0,,,,,,,,,1,,,,,
A9JT09,A9JT09_DANRE,nan,DANRE,1.0,,,,,,,,,1,,,,,
A9JRY5,A9JRY5_DANRE,nan,DANRE,1.0,,,,,,,,,1,,,,,
B0XV84,B0XV84_ASPFC,nan,ASPFC,1.0,,,,,,,,,,,1,,,
A9JRV7,A9JRV7_DANRE,nan,DANRE,1.0,,,,,,,,,1,,,,,
A9JRU3,A9JRU3_DANRE,nan,DANRE,1.0,,,,,,,,,1,,,,,
A9JRS0,A9JRS0_DANRE,nan,DANRE,1.0,,,,,,,,,1,,,,,
A9JRR6,A9JRR6_DANRE,nan,DANRE,1.0,,,,,,,,,1,,,,,
A9JRR4,A9JRR4_DANRE,nan,DANRE,1.0,,,,,,,,,1,,,,,
A9JRR1,A9JRR1_DANRE,nan,DANRE,1.0,,,,,,,,,1,,,,,
A9JRP3,A9JRP3_DANRE,nan,DANRE,1.0,,,,,,,,,1,,,,,
A8WGS6,A8WGS6_DANRE,nan,DANRE,1.0,,,,,,,,,1,,,,,
A9SH88,A9SH88_PHYPA,nan,PHYPA,1.0,,,,,,,,,,,1,,,
A9TA08,A9TA08_PHYPA,nan,PHYPA,1.0,,,,,,,,,,,1,,,
A9TQ84,A9TQ84_PHYPA,nan,PHYPA,1.0,,,,,,,,,,,1,,,
A9TS78,A9TS78_PHYPA,nan,PHYPA,1.0,,,,,,,,,,,1,,,
B0XRM9,B0XRM9_ASPFC,nan,ASPFC,1.0,,,,,,,,,,,1,,,
B0XQC7,B0XQC7_ASPFC,nan,ASPFC,1.0,,,,,,,,,,,1,,,
B0XP08,B0XP08_ASPFC,nan,ASPFC,1.0,,,,,,,,,,,1,,,
B0VJZ9,B0VJZ9_DANRE,nan,DANRE,1.0,,,,,,,,,1,,,,,
B0S4Q2,B0S4Q2_XENTR,ENSXETP00000016161,XENTR,1.0,,,,,,,,,1,,,,,
B0JZK3,B0JZK3_DANRE,nan,DANRE,1.0,,,,,,,,,1,,,,,
B0JZJ7,B0JZJ7_DANRE,nan,DANRE,1.0,,,,,,,,,1,,,,,
B0JZJ0,B0JZJ0_DANRE,nan,DANRE,1.0,,,,,,,,,1,,,,,
B0JZB0,B0JZB0_DANRE,nan,DANRE,1.0,,,,,,,,,1,,,,,
B0BNN2,B0BNN2_RAT,nan,RAT,1.0,,,,,,,,,1,,,,,
B0BNH4,B0BNH4_RAT,nan,RAT,1.0,,,,,,,,,1,,,,,
A9V0F2,A9V0F2_MONBE,nan,MONBE,1.0,,,,,,,,,1,,,,,
A9UXY4,A9UXY4_MONBE,nan,MONBE,1.0,,,,,,,,,1,,,,,
A9UX78,A9UX78_MONBE,nan,MONBE,1.0,,,,,,,,,1,,,,,
A9UP21,A9UP21_MONBE,nan,MONBE,1.0,,,,,,,,,,,1,,,
A9U0U4,A9U0U4_PHYPA,nan,PHYPA,1.0,,,,,,,,,,,1,,,
A9TVU9,A9TVU9_PHYPA,nan,PHYPA,1.0,,,,,,,,,,,1,,,
C3YLD9,C3YLD9_BRAFL,nan,BRAFL,1.0,,,,,,,,,1,,,,,
C3YLP7,C3YLP7_BRAFL,nan,BRAFL,1.0,,,,,,,,,1,,,,,
C3YM59,C3YM59_BRAFL,nan,BRAFL,1.0,,,,,,,,,1,,,,,
C4Q6T5,nan,nan,nan,1.0,,,,,,,,,1,,,,,
D3YYM0,OVOL3_MOUSE,nan,MOUSE,1.0,,,,,,,,,1,,,,,
C4QRH8,nan,nan,nan,1.0,,,,,,,,,1,,,,,
C4QMI0,C4QMI0_SCHMA,nan,SCHMA,1.0,,,,,,,,,1,,,,,
C4QM39,nan,nan,nan,1.0,,,,,,,,,1,,,,,
C4QIF4,nan,nan,nan,1.0,,,,,,,,,1,,,,,
C4QFP8,nan,nan,nan,1.0,,,,,,,,,,,1,,,
C4QEV3,nan,nan,nan,1.0,,,,,,,,,,,1,,,
C4QDW1,nan,nan,nan,1.0,,,,,,,,,1,,,,,
C4Q6D2,nan,nan,nan,1.0,,,,,,,,,1,,,,,
D3ZDA9,nan,nan,nan,1.0,,,,,,,,,1,,,,,
C4Q0G7,nan,nan,nan,1.0,,,,,,,,,1,,,,,
C4Q0D4,nan,nan,nan,1.0,,,,,,,,,1,,,,,
C4Q0B9,nan,nan,nan,1.0,,,,,,,,,1,,,,,
C4Q0B8,nan,nan,nan,1.0,,,,,,,,,1,,,,,
C4PYY3,nan,nan,nan,1.0,,,,,,,,,1,,,,,
C4PYU5,nan,nan,nan,1.0,,,,,,,,,1,,,,,
C4PYD3,nan,nan,nan,1.0,,,,,,,,,1,,,,,
C4A0Q0,C4A0Q0_BRAFL,nan,BRAFL,1.0,,,,,,,,,1,,,,,
D3ZBK4,D3ZBK4_RAT,nan,RAT,1.0,,,,,,,,,1,,,,,
D3ZDN6,D3ZDN6_RAT,nan,RAT,1.0,,,,,,,,,1,,,,,
C3ZRD0,C3ZRD0_BRAFL,nan,BRAFL,1.0,,,,,,,,,1,,,,,
D4A1U1,D4A1U1_RAT,nan,RAT,1.0,,,,,,,,,,,1,,,
D4A813,D4A813_RAT,nan,RAT,1.0,,,,,,,,,1,,,,,
D4A7V7,nan,nan,nan,1.0,,,,,,,,,1,,,,,
D4A633,D4A633_RAT,nan,RAT,1.0,,,,,,,,,,,1,,,
D4A538,D4A538_RAT,nan,RAT,1.0,,,,,,,,,1,,,,,
D4A484,D4A484_RAT,nan,RAT,1.0,,,,,,,,,1,,,,,
D4A464,D4A464_RAT,nan,RAT,1.0,,,,,,,,,1,,,,,
D4A445,D4A445_RAT,nan,RAT,1.0,,,,,,,,,1,,,,,
D4A2J7,nan,nan,nan,1.0,,,,,,,,,1,,,,,
D4A1A3,D4A1A3_RAT,nan,RAT,1.0,,,,,,,,,,,1,,,
D3ZE74,D3ZE74_RAT,nan,RAT,1.0,,,,,,,,,1,,,,,
D4A151,nan,nan,nan,1.0,,,,,,,,,1,,,,,
D4A0V8,D4A0V8_RAT,nan,RAT,1.0,,,,,,,,,1,,,,,
D3ZZK5,D3ZZK5_RAT,nan,RAT,1.0,,,,,,,,,1,,,,,
D3ZYQ2,D3ZYQ2_RAT,nan,RAT,1.0,,,,,,,,,,,1,,,
D3ZYL7,D3ZYL7_RAT,nan,RAT,1.0,,,,,,,,,1,,,,,
D3ZXN6,D3ZXN6_RAT,nan,RAT,1.0,,,,,,,,,1,,,,,
D3ZWE2,nan,nan,nan,1.0,,,,,,,,,1,,,,,
D3ZKH1,D3ZKH1_RAT,nan,RAT,1.0,,,,,,,,,1,,,,,
C4A0P9,C4A0P9_BRAFL,nan,BRAFL,1.0,,,,,,,,,1,,,,,
C4A0P8,C4A0P8_BRAFL,nan,BRAFL,1.0,,,,,,,,,1,,,,,
C4A0P6,C4A0P6_BRAFL,nan,BRAFL,1.0,,,,,,,,,1,,,,,
C3ZVE4,C3ZVE4_BRAFL,nan,BRAFL,1.0,,,,,,,,,1,,,,,
C3ZX61,C3ZX61_BRAFL,nan,BRAFL,1.0,,,,,,,,,1,,,,,
C3ZWC1,C3ZWC1_BRAFL,nan,BRAFL,1.0,,,,,,,,,1,,,,,
C3ZVH1,C3ZVH1_BRAFL,nan,BRAFL,1.0,,,,,,,,,1,,,,,
C3ZVG8,C3ZVG8_BRAFL,nan,BRAFL,1.0,,,,,,,,,1,,,,,
C3ZVG0,C3ZVG0_BRAFL,nan,BRAFL,1.0,,,,,,,,,1,,,,,
C3ZVF7,C3ZVF7_BRAFL,nan,BRAFL,1.0,,,,,,,,,1,,,,,
C3ZVF4,C3ZVF4_BRAFL,nan,BRAFL,1.0,,,,,,,,,1,,,,,
C3ZVF0,C3ZVF0_BRAFL,nan,BRAFL,1.0,,,,,,,,,1,,,,,
C3ZVE3,C3ZVE3_BRAFL,nan,BRAFL,1.0,,,,,,,,,1,,,,,
C4A0L9,C4A0L9_BRAFL,nan,BRAFL,1.0,,,,,,,,,1,,,,,
C3ZVD5,C3ZVD5_BRAFL,nan,BRAFL,1.0,,,,,,,,,1,,,,,
C3ZUC9,C3ZUC9_BRAFL,nan,BRAFL,1.0,,,,,,,,,1,,,,,
C3ZTK1,C3ZTK1_BRAFL,nan,BRAFL,1.0,,,,,,,,,1,,,,,
C3ZT77,C3ZT77_BRAFL,nan,BRAFL,1.0,,,,,,,,,1,,,,,
C3ZSD7,C3ZSD7_BRAFL,nan,BRAFL,1.0,,,,,,,,,1,,,,,
C3ZS41,C3ZS41_BRAFL,nan,BRAFL,1.0,,,,,,,,,1,,,,,
C3ZS35,C3ZS35_BRAFL,nan,BRAFL,1.0,,,,,,,,,1,,,,,
C3ZS27,C3ZS27_BRAFL,nan,BRAFL,1.0,,,,,,,,,1,,,,,
C3ZXB0,C3ZXB0_BRAFL,nan,BRAFL,1.0,,,,,,,,,1,,,,,
C3ZXQ8,C3ZXQ8_BRAFL,nan,BRAFL,1.0,,,,,,,,,1,,,,,
C3ZY14,C3ZY14_BRAFL,nan,BRAFL,1.0,,,,,,,,,1,,,,,
C3ZY17,C3ZY17_BRAFL,nan,BRAFL,1.0,,,,,,,,,1,,,,,
C4A0J8,C4A0J8_BRAFL,nan,BRAFL,1.0,,,,,,,,,1,,,,,
C4A0C2,C4A0C2_BRAFL,nan,BRAFL,1.0,,,,,,,,,1,,,,,
C4A0C1,C4A0C1_BRAFL,nan,BRAFL,1.0,,,,,,,,,1,,,,,
C4A0C0,C4A0C0_BRAFL,nan,BRAFL,1.0,,,,,,,,,1,,,,,
C4A0B9,C4A0B9_BRAFL,nan,BRAFL,1.0,,,,,,,,,1,,,,,
C3ZZW7,C3ZZW7_BRAFL,nan,BRAFL,1.0,,,,,,,,,1,,,,,
C3ZZ16,C3ZZ16_BRAFL,nan,BRAFL,1.0,,,,,,,,,1,,,,,
C3ZYU4,C3ZYU4_BRAFL,nan,BRAFL,1.0,,,,,,,,,1,,,,,
C3ZYL2,C3ZYL2_BRAFL,nan,BRAFL,1.0,,,,,,,,,1,,,,,
C3ZYL1,C3ZYL1_BRAFL,nan,BRAFL,1.0,,,,,,,,,1,,,,,
C3ZYK9,C3ZYK9_BRAFL,nan,BRAFL,1.0,,,,,,,,,1,,,,,
C3ZY82,C3ZY82_BRAFL,nan,BRAFL,1.0,,,,,,,,,1,,,,,
C3ZY74,C3ZY74_BRAFL,nan,BRAFL,1.0,,,,,,,,,1,,,,,
C3ZY70,C3ZY70_BRAFL,nan,BRAFL,1.0,,,,,,,,,1,,,,,
C3ZY55,C3ZY55_BRAFL,nan,BRAFL,1.0,,,,,,,,,1,,,,,
C3ZY49,C3ZY49_BRAFL,nan,BRAFL,1.0,,,,,,,,,1,,,,,
C3ZY45,C3ZY45_BRAFL,nan,BRAFL,1.0,,,,,,,,,1,,,,,
D4ACS2,D4ACS2_RAT,nan,RAT,1.0,,,,,,,,,,,1,,,
D4ADW0,nan,nan,nan,1.0,,,,,,,,,1,,,,,
E1B9U1,E1B9U1_BOVIN,ENSBTAP00000000971,BOVIN,1.0,,,,,,,,,1,,,,,
E7FE67,E7FE67_DANRE,ENSDARP00000100857,DANRE,1.0,,,,,,,,,,,1,,,
E9QA51,E9QA51_MOUSE,ENSMUSP00000104557,MOUSE,1.0,,,,,,,,,1,,,,,
E9Q1C9,E9Q1C9_MOUSE,ENSMUSP00000078222,MOUSE,1.0,,,,,,,,,1,,,,,
E7FGS1,E7FGS1_DANRE,ENSDARP00000100421,DANRE,1.0,,,,,,,,,,,1,,,
E7FGF5,E7FGF5_DANRE,ENSDARP00000112067,DANRE,1.0,,,,,,,,,1,,,,,
E7FG25,E7FG25_DANRE,ENSDARP00000105120,DANRE,1.0,,,,,,,,,1,,,,,
E7FFC8,E7FFC8_DANRE,ENSDARP00000105183,DANRE,1.0,,,,,,,,,1,,,,,
E7FFA3,E7FFA3_DANRE,ENSDARP00000105352,DANRE,1.0,,,,,,,,,1,,,,,
E7FE87,E7FE87_DANRE,ENSDARP00000056290,DANRE,1.0,,,,,,,,,1,,,,,
E7FDL2,E7FDL2_DANRE,ENSDARP00000110004,DANRE,1.0,,,,,,,,,1,,,,,
E7F8S6,E7F8S6_DANRE,ENSDARP00000097031,DANRE,1.0,,,,,,,,,1,,,,,
E7FDJ0,E7FDJ0_DANRE,ENSDARP00000110045,DANRE,1.0,,,,,,,,,1,,,,,
E7FDC0,E7FDC0_DANRE,ENSDARP00000104938,DANRE,1.0,,,,,,,,,1,,,,,
E7FD75,E7FD75_DANRE,ENSDARP00000101425,DANRE,1.0,,,,,,,,,1,,,,,
E7FAY1,E7FAY1_DANRE,ENSDARP00000069694,DANRE,1.0,,,,,,,,,1,,,,,
E7FAN1,E7FAN1_DANRE,ENSDARP00000101756,DANRE,1.0,,,,,,,,,1,,,,,
E7FAJ2,E7FAJ2_DANRE,ENSDARP00000106608,DANRE,1.0,,,,,,,,,,,1,,,
E7FA19,E7FA19_DANRE,ENSDARP00000106692,DANRE,1.0,,,,,,,,,1,,,,,
E7F9G9,E7F9G9_DANRE,ENSDARP00000106705,DANRE,1.0,,,,,,,,,1,,,,,
E9QB11,E9QB11_DANRE,ENSDARP00000105758,DANRE,1.0,,,,,,,,,1,,,,,
E9QB61,E9QB61_DANRE,ENSDARP00000116565,DANRE,1.0,,,,,,,,,1,,,,,
E9QBR4,E9QBR4_DANRE,ENSDARP00000123535,DANRE,1.0,,,,,,,,,1,,,,,
E9QC03,E9QC03_DANRE,ENSDARP00000123486,DANRE,1.0,,,,,,,,,1,,,,,
F1MGZ7,F1MGZ7_BOVIN,ENSBTAP00000022702,BOVIN,1.0,,,,,,,,,,,1,,,
F1MGG4,F1MGG4_BOVIN,ENSBTAP00000050069,BOVIN,1.0,,,,,,,,,1,,,,,
F1MG51,F1MG51_BOVIN,ENSBTAP00000048327,BOVIN,1.0,,,,,,,,,1,,,,,
F1ME60,F1ME60_BOVIN,ENSBTAP00000048140,BOVIN,1.0,,,,,,,,,1,,,,,
A0JPK3,ZFP57_RAT,nan,RAT,1.0,,,,,,,,,1,,,,,
F1MC96,F1MC96_BOVIN,ENSBTAP00000050538,BOVIN,1.0,,,,,,,,,1,,,,,
F1MBX1,F1MBX1_BOVIN,ENSBTAP00000050564,BOVIN,1.0,,,,,,,,,1,,,,,
F1MB86,F1MB86_BOVIN,ENSBTAP00000051952,BOVIN,1.0,,,,,,,,,1,,,,,
F1M8Z3,F1M8Z3_RAT,ENSRNOP00000017901,RAT,1.0,,,,,,,,,1,,,,,
F1M8R0,F1M8R0_RAT,ENSRNOP00000052564,RAT,1.0,,,,,,,,,,,1,,,
F1M4E4,F1M4E4_RAT,ENSRNOP00000021981,RAT,1.0,,,,,,,,,1,,,,,
F1M3W3,F1M3W3_RAT,ENSRNOP00000047350,RAT,1.0,,,,,,,,,1,,,,,
F1M1R7,F1M1R7_RAT,ENSRNOP00000023999,RAT,1.0,,,,,,,,,1,,,,,
F1LT76,F1LT76_RAT,ENSRNOP00000050302,RAT,1.0,,,,,,,,,1,,,,,
E9QGS2,E9QGS2_DANRE,ENSDARP00000122474,DANRE,1.0,,,,,,,,,1,,,,,
E9QGF7,E9QGF7_DANRE,ENSDARP00000115421,DANRE,1.0,,,,,,,,,1,,,,,
E9QEW7,E9QEW7_DANRE,ENSDARP00000121779,DANRE,1.0,,,,,,,,,1,,,,,
E7F9F8,E7F9F8_DANRE,ENSDARP00000106728,DANRE,1.0,,,,,,,,,1,,,,,
E7F8Q7,E7F8Q7_DANRE,ENSDARP00000097070,DANRE,1.0,,,,,,,,,1,,,,,
E1BCX0,E1BCX0_BOVIN,ENSBTAP00000032029,BOVIN,1.0,,,,,,,,,1,,,,,
E1BNL8,E1BNL8_BOVIN,ENSBTAP00000019646,BOVIN,1.0,,,,,,,,,1,,,,,
E2R688,E2R688_CANFA,ENSCAFP00000003653,CANFA,1.0,,,,,,,,,1,,,,,
E2QYJ2,E2QYJ2_CANFA,ENSCAFP00000009873,CANFA,1.0,,,,,,,,,1,,,,,
E1C9I5,E1C9I5_CHICK,nan,CHICK,1.0,,,,,,,,,,,1,,,
E1C375,E1C375_CHICK,nan,CHICK,1.0,,,,,,,,,,,1,,,
E1C1B9,E1C1B9_CHICK,nan,CHICK,1.0,,,,,,,,,,,1,,,
E1BWQ0,nan,nan,nan,1.0,,,,,,,,,1,,,,,
E1BWL6,E1BWL6_CHICK,nan,CHICK,1.0,,,,,,,,,1,,,,,
E1BUC9,nan,nan,nan,1.0,,,,,,,,,1,,,,,
E1BNF7,E1BNF7_BOVIN,ENSBTAP00000053544,BOVIN,1.0,,,,,,,,,1,,,,,
E7F877,E7F877_DANRE,ENSDARP00000110609,DANRE,1.0,,,,,,,,,1,,,,,
E1BMI0,E1BMI0_BOVIN,ENSBTAP00000019345,BOVIN,1.0,,,,,,,,,,,1,,,
E1BIN7,E1BIN7_BOVIN,ENSBTAP00000023710,BOVIN,1.0,,,,,,,,,1,,,,,
E1BII2,E1BII2_BOVIN,ENSBTAP00000029432,BOVIN,1.0,,,,,,,,,,,1,,,
E1BHF3,E1BHF3_BOVIN,ENSBTAP00000004687,BOVIN,1.0,,,,,,,,,1,,,,,
E1BH01,E1BH01_BOVIN,ENSBTAP00000023305,BOVIN,1.0,,,,,,,,,,,1,,,
E1BGX5,E1BGX5_BOVIN,ENSBTAP00000003771,BOVIN,1.0,,,,,,,,,1,,,,,
E1BGT4,E1BGT4_BOVIN,ENSBTAP00000028691,BOVIN,1.0,,,,,,,,,1,,,,,
E1BDB8,E1BDB8_BOVIN,ENSBTAP00000011067,BOVIN,1.0,,,,,,,,,1,,,,,
E2RC49,E2RC49_CANFA,ENSCAFP00000008136,CANFA,1.0,,,,,,,,,1,,,,,
E2RH19,E2RH19_CANFA,ENSCAFP00000010378,CANFA,1.0,,,,,,,,,1,,,,,
E2RIS9,E2RIS9_CANFA,ENSCAFP00000003414,CANFA,1.0,,,,,,,,,,,1,,,
E2RJC1,E2RJC1_CANFA,ENSCAFP00000019277,CANFA,1.0,,,,,,,,,,,1,,,
E7F7I6,E7F7I6_DANRE,ENSDARP00000097340,DANRE,1.0,,,,,,,,,1,,,,,
E7F7I2,E7F7I2_DANRE,ENSDARP00000097346,DANRE,1.0,,,,,,,,,1,,,,,
E7F6L7,E7F6L7_DANRE,ENSDARP00000103852,DANRE,1.0,,,,,,,,,1,,,,,
E7F636,E7F636_DANRE,ENSDARP00000105048,DANRE,1.0,,,,,,,,,1,,,,,
E7F5F6,E7F5F6_DANRE,ENSDARP00000111030,DANRE,1.0,,,,,,,,,1,,,,,
E7F4X1,E7F4X1_DANRE,ENSDARP00000107855,DANRE,1.0,,,,,,,,,1,,,,,
E7F446,E7F446_DANRE,ENSDARP00000099480,DANRE,1.0,,,,,,,,,1,,,,,
E7F3S9,E7F3S9_DANRE,ENSDARP00000107414,DANRE,1.0,,,,,,,,,1,,,,,
E7F3E4,E7F3E4_DANRE,ENSDARP00000105966,DANRE,1.0,,,,,,,,,1,,,,,
E7F222,E7F222_DANRE,ENSDARP00000102794,DANRE,1.0,,,,,,,,,,,1,,,
E7F1A3,E7F1A3_DANRE,ENSDARP00000093145,DANRE,1.0,,,,,,,,,1,,,,,
E7F0S1,E7F0S1_DANRE,ENSDARP00000109145,DANRE,1.0,,,,,,,,,1,,,,,
E7F097,E7F097_DANRE,ENSDARP00000109193,DANRE,1.0,,,,,,,,,1,,,,,
E7EY84,E7EY84_DANRE,ENSDARP00000109542,DANRE,1.0,,,,,,,,,1,,,,,
E7EY28,E7EY28_DANRE,ENSDARP00000098455,DANRE,1.0,,,,,,,,,1,,,,,
E2RKD4,E2RKD4_CANFA,ENSCAFP00000025684,CANFA,1.0,,,,,,,,,,,1,,,
E2RK19,E2RK19_CANFA,ENSCAFP00000015148,CANFA,1.0,,,,,,,,,,,1,,,
C3ZRG2,C3ZRG2_BRAFL,nan,BRAFL,1.0,,,,,,,,,1,,,,,
C3ZRC4,C3ZRC4_BRAFL,nan,BRAFL,1.0,,,,,,,,,1,,,,,
C3YM63,C3YM63_BRAFL,nan,BRAFL,1.0,,,,,,,,,1,,,,,
C3YY78,C3YY78_BRAFL,nan,BRAFL,1.0,,,,,,,,,1,,,,,
C3Z002,C3Z002_BRAFL,nan,BRAFL,1.0,,,,,,,,,1,,,,,
C3Z001,C3Z001_BRAFL,nan,BRAFL,1.0,,,,,,,,,1,,,,,
C3Z000,C3Z000_BRAFL,nan,BRAFL,1.0,,,,,,,,,1,,,,,
C3YZZ8,C3YZZ8_BRAFL,nan,BRAFL,1.0,,,,,,,,,1,,,,,
C3YZP0,C3YZP0_BRAFL,nan,BRAFL,1.0,,,,,,,,,1,,,,,
C3YYJ4,C3YYJ4_BRAFL,nan,BRAFL,1.0,,,,,,,,,1,,,,,
C3YYA9,C3YYA9_BRAFL,nan,BRAFL,1.0,,,,,,,,,1,,,,,
C3YY95,C3YY95_BRAFL,nan,BRAFL,1.0,,,,,,,,,1,,,,,
C3YX65,C3YX65_BRAFL,nan,BRAFL,1.0,,,,,,,,,1,,,,,
C3Z005,C3Z005_BRAFL,nan,BRAFL,1.0,,,,,,,,,1,,,,,
C3YWX4,C3YWX4_BRAFL,nan,BRAFL,1.0,,,,,,,,,1,,,,,
C3YWR5,C3YWR5_BRAFL,nan,BRAFL,1.0,,,,,,,,,1,,,,,
C3YWR2,C3YWR2_BRAFL,nan,BRAFL,1.0,,,,,,,,,1,,,,,
C3YWR1,C3YWR1_BRAFL,nan,BRAFL,1.0,,,,,,,,,1,,,,,
C3YVP8,C3YVP8_BRAFL,nan,BRAFL,1.0,,,,,,,,,1,,,,,
C3YUR1,C3YUR1_BRAFL,nan,BRAFL,1.0,,,,,,,,,1,,,,,
C3YUM8,C3YUM8_BRAFL,nan,BRAFL,1.0,,,,,,,,,1,,,,,
C3YUM6,C3YUM6_BRAFL,nan,BRAFL,1.0,,,,,,,,,1,,,,,
C3Z003,C3Z003_BRAFL,nan,BRAFL,1.0,,,,,,,,,1,,,,,
C3Z006,C3Z006_BRAFL,nan,BRAFL,1.0,,,,,,,,,1,,,,,
C3ZRC0,C3ZRC0_BRAFL,nan,BRAFL,1.0,,,,,,,,,1,,,,,
C3Z0F7,C3Z0F7_BRAFL,nan,BRAFL,1.0,,,,,,,,,1,,,,,
C3Z1X2,C3Z1X2_BRAFL,nan,BRAFL,1.0,,,,,,,,,1,,,,,
C3Z1X0,C3Z1X0_BRAFL,nan,BRAFL,1.0,,,,,,,,,1,,,,,
C3Z1W8,C3Z1W8_BRAFL,nan,BRAFL,1.0,,,,,,,,,1,,,,,
C3Z1W7,C3Z1W7_BRAFL,nan,BRAFL,1.0,,,,,,,,,1,,,,,
C3Z1W5,C3Z1W5_BRAFL,nan,BRAFL,1.0,,,,,,,,,1,,,,,
C3Z1W2,C3Z1W2_BRAFL,nan,BRAFL,1.0,,,,,,,,,1,,,,,
C3Z1F7,C3Z1F7_BRAFL,nan,BRAFL,1.0,,,,,,,,,1,,,,,
C3Z0K5,C3Z0K5_BRAFL,nan,BRAFL,1.0,,,,,,,,,1,,,,,
C3Z0B4,C3Z0B4_BRAFL,nan,BRAFL,1.0,,,,,,,,,1,,,,,
C3Z008,C3Z008_BRAFL,nan,BRAFL,1.0,,,,,,,,,1,,,,,
C3Z094,C3Z094_BRAFL,nan,BRAFL,1.0,,,,,,,,,1,,,,,
C3Z023,C3Z023_BRAFL,nan,BRAFL,1.0,,,,,,,,,1,,,,,
C3Z021,C3Z021_BRAFL,nan,BRAFL,1.0,,,,,,,,,1,,,,,
C3Z020,C3Z020_BRAFL,nan,BRAFL,1.0,,,,,,,,,1,,,,,
C3Z018,C3Z018_BRAFL,nan,BRAFL,1.0,,,,,,,,,1,,,,,
C3Z017,C3Z017_BRAFL,nan,BRAFL,1.0,,,,,,,,,1,,,,,
C3Z012,C3Z012_BRAFL,nan,BRAFL,1.0,,,,,,,,,1,,,,,
C3Z009,C3Z009_BRAFL,nan,BRAFL,1.0,,,,,,,,,1,,,,,
C3YUM4,C3YUM4_BRAFL,nan,BRAFL,1.0,,,,,,,,,1,,,,,
C3YUM2,C3YUM2_BRAFL,nan,BRAFL,1.0,,,,,,,,,1,,,,,
C3YUM1,C3YUM1_BRAFL,nan,BRAFL,1.0,,,,,,,,,1,,,,,
C3YNB0,C3YNB0_BRAFL,nan,BRAFL,1.0,,,,,,,,,1,,,,,
C3YP88,C3YP88_BRAFL,nan,BRAFL,1.0,,,,,,,,,1,,,,,
C3YP73,C3YP73_BRAFL,nan,BRAFL,1.0,,,,,,,,,1,,,,,
C3YP18,C3YP18_BRAFL,nan,BRAFL,1.0,,,,,,,,,1,,,,,
C3YNE0,C3YNE0_BRAFL,nan,BRAFL,1.0,,,,,,,,,1,,,,,
C3YND6,C3YND6_BRAFL,nan,BRAFL,1.0,,,,,,,,,1,,,,,
C3YND4,C3YND4_BRAFL,nan,BRAFL,1.0,,,,,,,,,1,,,,,
C3YNB3,C3YNB3_BRAFL,nan,BRAFL,1.0,,,,,,,,,1,,,,,
C3YNB2,C3YNB2_BRAFL,nan,BRAFL,1.0,,,,,,,,,1,,,,,
C3YMP8,C3YMP8_BRAFL,nan,BRAFL,1.0,,,,,,,,,1,,,,,
C3YUM0,C3YUM0_BRAFL,nan,BRAFL,1.0,,,,,,,,,1,,,,,
C3YMP5,C3YMP5_BRAFL,nan,BRAFL,1.0,,,,,,,,,1,,,,,
C3YMG5,C3YMG5_BRAFL,nan,BRAFL,1.0,,,,,,,,,1,,,,,
C3YMG2,C3YMG2_BRAFL,nan,BRAFL,1.0,,,,,,,,,1,,,,,
C3YMF9,C3YMF9_BRAFL,nan,BRAFL,1.0,,,,,,,,,1,,,,,
C3YME8,C3YME8_BRAFL,nan,BRAFL,1.0,,,,,,,,,1,,,,,
C3YM69,C3YM69_BRAFL,nan,BRAFL,1.0,,,,,,,,,1,,,,,
C3YM67,C3YM67_BRAFL,nan,BRAFL,1.0,,,,,,,,,1,,,,,
C3YM65,C3YM65_BRAFL,nan,BRAFL,1.0,,,,,,,,,1,,,,,
C3YP90,C3YP90_BRAFL,nan,BRAFL,1.0,,,,,,,,,1,,,,,
C3YQQ7,C3YQQ7_BRAFL,nan,BRAFL,1.0,,,,,,,,,1,,,,,
C3YRV9,C3YRV9_BRAFL,nan,BRAFL,1.0,,,,,,,,,1,,,,,
C3YSE2,C3YSE2_BRAFL,nan,BRAFL,1.0,,,,,,,,,1,,,,,
C3YUL7,C3YUL7_BRAFL,nan,BRAFL,1.0,,,,,,,,,1,,,,,
C3YUL6,C3YUL6_BRAFL,nan,BRAFL,1.0,,,,,,,,,1,,,,,
C3YUL5,C3YUL5_BRAFL,nan,BRAFL,1.0,,,,,,,,,1,,,,,
C3YU35,C3YU35_BRAFL,nan,BRAFL,1.0,,,,,,,,,1,,,,,
C3YU32,C3YU32_BRAFL,nan,BRAFL,1.0,,,,,,,,,1,,,,,
C3YTY3,C3YTY3_BRAFL,nan,BRAFL,1.0,,,,,,,,,1,,,,,
C3YTX7,C3YTX7_BRAFL,nan,BRAFL,1.0,,,,,,,,,1,,,,,
C3YTX4,C3YTX4_BRAFL,nan,BRAFL,1.0,,,,,,,,,1,,,,,
C3YTW9,C3YTW9_BRAFL,nan,BRAFL,1.0,,,,,,,,,1,,,,,
C3YTW8,C3YTW8_BRAFL,nan,BRAFL,1.0,,,,,,,,,1,,,,,
C3YTW7,C3YTW7_BRAFL,nan,BRAFL,1.0,,,,,,,,,1,,,,,
C3YTU6,C3YTU6_BRAFL,nan,BRAFL,1.0,,,,,,,,,1,,,,,
C3YTU0,C3YTU0_BRAFL,nan,BRAFL,1.0,,,,,,,,,1,,,,,
C3YTS0,C3YTS0_BRAFL,nan,BRAFL,1.0,,,,,,,,,1,,,,,
C3YTQ1,C3YTQ1_BRAFL,nan,BRAFL,1.0,,,,,,,,,1,,,,,
C3YTL5,C3YTL5_BRAFL,nan,BRAFL,1.0,,,,,,,,,1,,,,,
C3YTL4,C3YTL4_BRAFL,nan,BRAFL,1.0,,,,,,,,,1,,,,,
C3Z1X6,C3Z1X6_BRAFL,nan,BRAFL,1.0,,,,,,,,,1,,,,,
C3Z1X9,C3Z1X9_BRAFL,nan,BRAFL,1.0,,,,,,,,,1,,,,,
C3Z1Z5,C3Z1Z5_BRAFL,nan,BRAFL,1.0,,,,,,,,,1,,,,,
C3ZL30,C3ZL30_BRAFL,nan,BRAFL,1.0,,,,,,,,,1,,,,,
C3ZPU5,C3ZPU5_BRAFL,nan,BRAFL,1.0,,,,,,,,,1,,,,,
C3ZP62,C3ZP62_BRAFL,nan,BRAFL,1.0,,,,,,,,,1,,,,,
C3ZNV9,C3ZNV9_BRAFL,nan,BRAFL,1.0,,,,,,,,,1,,,,,
C3ZN43,C3ZN43_BRAFL,nan,BRAFL,1.0,,,,,,,,,1,,,,,
C3ZMM9,C3ZMM9_BRAFL,nan,BRAFL,1.0,,,,,,,,,1,,,,,
C3ZLV3,C3ZLV3_BRAFL,nan,BRAFL,1.0,,,,,,,,,1,,,,,
C3ZL38,C3ZL38_BRAFL,nan,BRAFL,1.0,,,,,,,,,1,,,,,
C3ZL31,C3ZL31_BRAFL,nan,BRAFL,1.0,,,,,,,,,1,,,,,
C3ZL15,C3ZL15_BRAFL,nan,BRAFL,1.0,,,,,,,,,1,,,,,
C3ZGQ8,C3ZGQ8_BRAFL,nan,BRAFL,1.0,,,,,,,,,1,,,,,
C3ZL14,C3ZL14_BRAFL,nan,BRAFL,1.0,,,,,,,,,1,,,,,
C3ZKT8,C3ZKT8_BRAFL,nan,BRAFL,1.0,,,,,,,,,1,,,,,
C3ZKH7,C3ZKH7_BRAFL,nan,BRAFL,1.0,,,,,,,,,1,,,,,
C3ZK43,C3ZK43_BRAFL,nan,BRAFL,1.0,,,,,,,,,1,,,,,
C3ZHZ2,C3ZHZ2_BRAFL,nan,BRAFL,1.0,,,,,,,,,1,,,,,
C3ZHI4,C3ZHI4_BRAFL,nan,BRAFL,1.0,,,,,,,,,1,,,,,
C3ZH83,C3ZH83_BRAFL,nan,BRAFL,1.0,,,,,,,,,1,,,,,
C3ZGY2,C3ZGY2_BRAFL,nan,BRAFL,1.0,,,,,,,,,1,,,,,
C3ZQ92,C3ZQ92_BRAFL,nan,BRAFL,1.0,,,,,,,,,1,,,,,
C3ZQL8,C3ZQL8_BRAFL,nan,BRAFL,1.0,,,,,,,,,1,,,,,
C3ZQM6,C3ZQM6_BRAFL,nan,BRAFL,1.0,,,,,,,,,1,,,,,
C3ZQS6,C3ZQS6_BRAFL,nan,BRAFL,1.0,,,,,,,,,1,,,,,
C3ZRB8,C3ZRB8_BRAFL,nan,BRAFL,1.0,,,,,,,,,1,,,,,
C3ZRB6,C3ZRB6_BRAFL,nan,BRAFL,1.0,,,,,,,,,1,,,,,
C3ZRA7,C3ZRA7_BRAFL,nan,BRAFL,1.0,,,,,,,,,1,,,,,
C3ZRA5,C3ZRA5_BRAFL,nan,BRAFL,1.0,,,,,,,,,1,,,,,
C3ZR97,C3ZR97_BRAFL,nan,BRAFL,1.0,,,,,,,,,1,,,,,
C3ZR96,C3ZR96_BRAFL,nan,BRAFL,1.0,,,,,,,,,1,,,,,
C3ZR93,C3ZR93_BRAFL,nan,BRAFL,1.0,,,,,,,,,1,,,,,
C3ZR89,C3ZR89_BRAFL,nan,BRAFL,1.0,,,,,,,,,1,,,,,
C3ZR88,C3ZR88_BRAFL,nan,BRAFL,1.0,,,,,,,,,1,,,,,
C3ZR86,C3ZR86_BRAFL,nan,BRAFL,1.0,,,,,,,,,1,,,,,
C3ZR85,C3ZR85_BRAFL,nan,BRAFL,1.0,,,,,,,,,1,,,,,
C3ZR80,C3ZR80_BRAFL,nan,BRAFL,1.0,,,,,,,,,1,,,,,
C3ZR79,C3ZR79_BRAFL,nan,BRAFL,1.0,,,,,,,,,1,,,,,
C3ZR78,C3ZR78_BRAFL,nan,BRAFL,1.0,,,,,,,,,1,,,,,
C3ZR77,C3ZR77_BRAFL,nan,BRAFL,1.0,,,,,,,,,1,,,,,
C3ZR76,C3ZR76_BRAFL,nan,BRAFL,1.0,,,,,,,,,1,,,,,
C3ZQW5,C3ZQW5_BRAFL,nan,BRAFL,1.0,,,,,,,,,1,,,,,
C3ZGS0,C3ZGS0_BRAFL,nan,BRAFL,1.0,,,,,,,,,1,,,,,
C3ZG04,C3ZG04_BRAFL,nan,BRAFL,1.0,,,,,,,,,1,,,,,
C3Z201,C3Z201_BRAFL,nan,BRAFL,1.0,,,,,,,,,1,,,,,
C3Z6K2,C3Z6K2_BRAFL,nan,BRAFL,1.0,,,,,,,,,1,,,,,
C3Z9G9,C3Z9G9_BRAFL,nan,BRAFL,1.0,,,,,,,,,1,,,,,
C3Z930,C3Z930_BRAFL,nan,BRAFL,1.0,,,,,,,,,1,,,,,
C3Z8T8,C3Z8T8_BRAFL,nan,BRAFL,1.0,,,,,,,,,1,,,,,
C3Z848,C3Z848_BRAFL,nan,BRAFL,1.0,,,,,,,,,1,,,,,
C3Z6L9,C3Z6L9_BRAFL,nan,BRAFL,1.0,,,,,,,,,1,,,,,
C3Z6L8,C3Z6L8_BRAFL,nan,BRAFL,1.0,,,,,,,,,1,,,,,
C3Z6L7,C3Z6L7_BRAFL,nan,BRAFL,1.0,,,,,,,,,1,,,,,
C3Z6K3,C3Z6K3_BRAFL,nan,BRAFL,1.0,,,,,,,,,1,,,,,
C3Z6K1,C3Z6K1_BRAFL,nan,BRAFL,1.0,,,,,,,,,1,,,,,
C3ZFV8,C3ZFV8_BRAFL,nan,BRAFL,1.0,,,,,,,,,1,,,,,
C3Z5T2,C3Z5T2_BRAFL,nan,BRAFL,1.0,,,,,,,,,1,,,,,
C3Z4Y5,C3Z4Y5_BRAFL,nan,BRAFL,1.0,,,,,,,,,1,,,,,
C3Z4R6,C3Z4R6_BRAFL,nan,BRAFL,1.0,,,,,,,,,1,,,,,
C3Z439,C3Z439_BRAFL,nan,BRAFL,1.0,,,,,,,,,1,,,,,
C3Z3E5,C3Z3E5_BRAFL,nan,BRAFL,1.0,,,,,,,,,1,,,,,
C3Z312,C3Z312_BRAFL,nan,BRAFL,1.0,,,,,,,,,1,,,,,
C3Z2L3,C3Z2L3_BRAFL,nan,BRAFL,1.0,,,,,,,,,1,,,,,
C3Z209,C3Z209_BRAFL,nan,BRAFL,1.0,,,,,,,,,1,,,,,
C3Z9Q3,C3Z9Q3_BRAFL,nan,BRAFL,1.0,,,,,,,,,1,,,,,
C3Z9X7,C3Z9X7_BRAFL,nan,BRAFL,1.0,,,,,,,,,1,,,,,
C3ZA84,C3ZA84_BRAFL,nan,BRAFL,1.0,,,,,,,,,1,,,,,
C3ZC70,C3ZC70_BRAFL,nan,BRAFL,1.0,,,,,,,,,1,,,,,
C3ZFM3,C3ZFM3_BRAFL,nan,BRAFL,1.0,,,,,,,,,1,,,,,
C3ZFF3,C3ZFF3_BRAFL,nan,BRAFL,1.0,,,,,,,,,1,,,,,
C3ZFF0,C3ZFF0_BRAFL,nan,BRAFL,1.0,,,,,,,,,1,,,,,
C3ZFE9,C3ZFE9_BRAFL,nan,BRAFL,1.0,,,,,,,,,1,,,,,
C3ZES9,C3ZES9_BRAFL,nan,BRAFL,1.0,,,,,,,,,1,,,,,
C3ZES7,C3ZES7_BRAFL,nan,BRAFL,1.0,,,,,,,,,1,,,,,
C3ZDN9,C3ZDN9_BRAFL,nan,BRAFL,1.0,,,,,,,,,1,,,,,
C3ZDN0,C3ZDN0_BRAFL,nan,BRAFL,1.0,,,,,,,,,1,,,,,
C3ZDL5,C3ZDL5_BRAFL,nan,BRAFL,1.0,,,,,,,,,1,,,,,
C3ZDL3,C3ZDL3_BRAFL,nan,BRAFL,1.0,,,,,,,,,1,,,,,
C3ZDL0,C3ZDL0_BRAFL,nan,BRAFL,1.0,,,,,,,,,1,,,,,
C3ZDK7,C3ZDK7_BRAFL,nan,BRAFL,1.0,,,,,,,,,1,,,,,
C3ZDK6,C3ZDK6_BRAFL,nan,BRAFL,1.0,,,,,,,,,1,,,,,
C3ZDK5,C3ZDK5_BRAFL,nan,BRAFL,1.0,,,,,,,,,1,,,,,
C3ZDK3,C3ZDK3_BRAFL,nan,BRAFL,1.0,,,,,,,,,1,,,,,
C3ZDJ5,C3ZDJ5_BRAFL,nan,BRAFL,1.0,,,,,,,,,1,,,,,
C3ZC85,C3ZC85_BRAFL,nan,BRAFL,1.0,,,,,,,,,1,,,,,
nan,nan,ENSXETP00000052703,XENTR,1.0,,,,,,,,,1,,,,,
