ACC,ENTRY,ENS,SPEC,COUNT,InParanoid,InParanoidCore,OMA_Groups,OMA_Pairs,PANTHER8_LDO,RBH,RSD,Orthoinspector,Hieranoid_2,EnsemblCompara_v2,PANTHER8_all,Metaphors,PhylomeDB,EggNOG
Q0URX6,Q0URX6_PHANO,nan,PHANO,12.0,1,1,1,1,,1,1,1,1,1,1,1,,1
A7EZ46,A7EZ46_SCLS1,nan,SCLS1,10.0,1,1,1,1,,1,1,1,,1,1,,,1
B0XY00,B0XY00_ASPFC,nan,ASPFC,8.0,1,1,,,,1,1,1,,1,,1,,1
O14270,FHL1_SCHPO,nan,SCHPO,6.0,1,1,,,,,1,,,1,1,1,,
Q6CEJ1,Q6CEJ1_YARLI,nan,YARLI,6.0,1,1,,,,1,,1,,1,1,,,
P39521,FHL1_YEAST,nan,YEAST,4.0,1,,,,,,,1,,1,1,,,
A7UWD4,A7UWD4_NEUCR,nan,NEUCR,4.0,,,,,,1,,1,1,,,,,1
nan,nan,ENSCINP00000017989,CIOIN,2.0,,,,,,,1,,,,1,,,
Q9SFV6,Q9SFV6_ARATH,nan,ARATH,2.0,,,,,,1,,,,1,,,,
B7P8G3,B7P8G3_IXOSC,nan,IXOSC,2.0,1,,,,,,,,,,1,,,
F6SF26,F6SF26_XENTR,ENSXETP00000002814,XENTR,2.0,1,,,,,,,,,,1,,,
F6SDB4,F6SDB4_CIOIN,ENSCINP00000017891,CIOIN,2.0,,,,,,1,,,,,1,,,
A9SFB9,A9SFB9_PHYPA,nan,PHYPA,2.0,,,,,,1,,,,1,,,,
A9RI51,A9RI51_PHYPA,nan,PHYPA,2.0,,,,,,,1,,,1,,,,
A7UTY0,A7UTY0_ANOGA,nan,ANOGA,2.0,1,,,,,,,,,,1,,,
A7RPY6,A7RPY6_NEMVE,nan,NEMVE,2.0,,,,,,1,,,,,1,,,
Q5KCQ2,Q5KCQ2_CRYNJ,nan,CRYNJ,2.0,,,,,,,1,,,1,,,,
Q3HWW4,Q3HWW4_XENTR,ENSXETP00000001299,XENTR,2.0,,,,,,,1,,,,1,,,
F7AFE3,F7AFE3_ORNAN,ENSOANP00000005244,ORNAN,2.0,1,,,,,,,,,,1,,,
A7MBX0,A7MBX0_DANRE,nan,DANRE,2.0,,,,,,,1,,,,1,,,
O60548,FOXD2_HUMAN,nan,HUMAN,1.0,,,,,,,,,,,1,,,
P35582,FOXA1_MOUSE,nan,MOUSE,1.0,,,,,,,,,,,1,,,
O70220,FOXQ1_MOUSE,nan,MOUSE,1.0,,,,,,,,,,,1,,,
P35583,FOXA2_MOUSE,nan,MOUSE,1.0,,,,,,,,,,,1,,,
P35584,FOXA3_MOUSE,nan,MOUSE,1.0,,,,,,,,,,,1,,,
O88470,FOXL2_MOUSE,nan,MOUSE,1.0,,,,,,,,,,,1,,,
P32183,FOXA3_RAT,nan,RAT,1.0,,,,,,,,,,,1,,,
O60129,FKH2_SCHPO,nan,SCHPO,1.0,,,,,,,,,,,1,,,
P42128,FOXK1_MOUSE,nan,MOUSE,1.0,,,,,,,,,,,1,,,
P55317,FOXA1_HUMAN,nan,HUMAN,1.0,,,,,,,,,,,1,,,
O43638,FOXS1_HUMAN,nan,HUMAN,1.0,,,,,,,,,,,1,,,
O43524,FOXO3_HUMAN,nan,HUMAN,1.0,,,,,,,,,,,1,,,
P55318,FOXA3_HUMAN,nan,HUMAN,1.0,,,,,,,,,,,1,,,
P34683,LIN31_CAEEL,nan,CAEEL,1.0,,,,,,,,,,,1,,,
P32182,FOXA2_RAT,nan,RAT,1.0,,,,,,,,,,,1,,,
O75593,FOXH1_HUMAN,nan,HUMAN,1.0,,,,,,,,,,,1,,,
O73779,O73779_DANRE,nan,DANRE,1.0,,,,,,,,,,,1,,,
O73780,O73780_DANRE,nan,DANRE,1.0,,,,,,,,,,,1,,,
P32031,SLP2_DROME,nan,DROME,1.0,,,,,,,,,,,1,,,
P32030,SLP1_DROME,nan,DROME,1.0,,,,,,,,,,,1,,,
P32029,FD5_DROME,nan,DROME,1.0,,,,,,,,,,,1,,,
O73781,O73781_DANRE,nan,DANRE,1.0,,,,,,,,,,,1,,,
P32028,FD4_DROME,nan,DROME,1.0,,,,,,,,,,,1,,,
P58463,FOXP2_MOUSE,nan,MOUSE,1.0,,,,,,,,,,,1,,,
P32027,CROC_DROME,nan,DROME,1.0,,,,,,,,,,,1,,,
P25364,HCM1_YEAST,nan,YEAST,1.0,,,,,,,,,,,1,,,
P14734,FKH_DROME,nan,DROME,1.0,,,,,,,,,,,1,,,
P0CF24,FOXP2_RAT,nan,RAT,1.0,,,,,,,,,,,1,,,
O93440,O93440_CHICK,nan,CHICK,1.0,,,,,,,,,,,1,,,
O88621,FOXH1_MOUSE,nan,MOUSE,1.0,,,,,,,,,,,1,,,
P58012,FOXL2_HUMAN,nan,HUMAN,1.0,,,,,,,,,,,1,,,
A1L1S5,FOXF1_DANRE,nan,DANRE,1.0,,,,,,,,,,,1,,,
P79770,P79770_CHICK,nan,CHICK,1.0,,,,,,,,,,,1,,,
Q18694,Q18694_CAEEL,nan,CAEEL,1.0,,,,,,,,,,,1,,,
Q1JPU6,Q1JPU6_DANRE,nan,DANRE,1.0,,,,,,,,,,,1,,,
Q1JPV2,Q1JPV2_DANRE,nan,DANRE,1.0,,,,,,,,,,,1,,,
Q1LV18,Q1LV18_DANRE,nan,DANRE,1.0,,,,,,,,,,,1,,,
Q1LVK4,Q1LVK4_DANRE,nan,DANRE,1.0,,,,,,,,,,,1,,,
Q1LWX1,Q1LWX1_DANRE,nan,DANRE,1.0,,,,,,,,,,,1,,,
Q1LWX2,Q1LWX2_DANRE,nan,DANRE,1.0,,,,,,,,,,,1,,,
Q1LWZ9,Q1LWZ9_DANRE,nan,DANRE,1.0,,,,,,,,,,,1,,,
Q21187,Q21187_CAEEL,nan,CAEEL,1.0,,,,,,,,,,,1,,,
Q22510,Q22510_CAEEL,nan,CAEEL,1.0,,,,,,,,,,,1,,,
Q27253,nan,nan,nan,1.0,,,,,,,,,,,1,,,
Q28EM1,FOXJ2_XENTR,ENSXETP00000028887,XENTR,1.0,,,,,,,,,,,1,,,
Q3I5G5,FOXI2_MOUSE,nan,MOUSE,1.0,,,,,,,,,,,1,,,
Q3LUS8,Q3LUS8_NEMVE,nan,NEMVE,1.0,,,,,,,,,,,1,,,
Q3LUS9,Q3LUS9_NEMVE,nan,NEMVE,1.0,,,,,,,,,,,1,,,
Q3LUT2,Q3LUT2_NEMVE,nan,NEMVE,1.0,,,,,,,,,,,1,,,
Q19802,FKH5_CAEEL,nan,CAEEL,1.0,,,,,,,,,,,1,,,
Q17381,PHA4_CAEEL,nan,CAEEL,1.0,,,,,,,,,,,1,,,
P85037,FOXK1_HUMAN,nan,HUMAN,1.0,,,,,,,,,,,1,,,
Q16676,FOXD1_HUMAN,nan,HUMAN,1.0,,,,,,,,,,,1,,,
P91278,P91278_CAEEL,nan,CAEEL,1.0,,,,,,,,,,,1,,,
P98177,FOXO4_HUMAN,nan,HUMAN,1.0,,,,,,,,,,,1,,,
Q01167,FOXK2_HUMAN,nan,HUMAN,1.0,,,,,,,,,,,1,,,
Q02360,FD2_DROME,nan,DROME,1.0,,,,,,,,,,,1,,,
O35392,FOXD2_MOUSE,nan,MOUSE,1.0,,,,,,,,,,,1,,,
Q02361,FD3_DROME,nan,DROME,1.0,,,,,,,,,,,1,,,
Q08050,FOXM1_HUMAN,nan,HUMAN,1.0,,,,,,,,,,,1,,,
Q08CI2,nan,nan,nan,1.0,,,,,,,,,,,1,,,
Q10924,Q10924_CAEEL,nan,CAEEL,1.0,,,,,,,,,,,1,,,
Q12778,FOXO1_HUMAN,nan,HUMAN,1.0,,,,,,,,,,,1,,,
Q12946,FOXF1_HUMAN,nan,HUMAN,1.0,,,,,,,,,,,1,,,
Q12948,FOXC1_HUMAN,nan,HUMAN,1.0,,,,,,,,,,,1,,,
Q12950,FOXD4_HUMAN,nan,HUMAN,1.0,,,,,,,,,,,1,,,
Q12952,FOXL1_HUMAN,nan,HUMAN,1.0,,,,,,,,,,,1,,,
Q13461,FOXE3_HUMAN,nan,HUMAN,1.0,,,,,,,,,,,1,,,
O43058,SEP1_SCHPO,nan,SCHPO,1.0,,,,,,,,,,,1,,,
O13606,MEI4_SCHPO,nan,SCHPO,1.0,,,,,,,,,,,1,,,
O17618,nan,nan,nan,1.0,,,,,,,,,,,1,,,
H2S8G4,H2S8G4_TAKRU,ENSTRUP00000008689,TAKRU,1.0,,,,,,,,,,,1,,,
H2RUS5,H2RUS5_TAKRU,ENSTRUP00000003893,TAKRU,1.0,,,,,,,,,,,1,,,
H2RVB8,H2RVB8_TAKRU,ENSTRUP00000004086,TAKRU,1.0,,,,,,,,,,,1,,,
H2RVF9,H2RVF9_TAKRU,ENSTRUP00000004127,TAKRU,1.0,,,,,,,,,,,1,,,
H2RXJ1,H2RXJ1_TAKRU,ENSTRUP00000004861,TAKRU,1.0,,,,,,,,,,,1,,,
H2RY70,H2RY70_TAKRU,ENSTRUP00000005091,TAKRU,1.0,,,,,,,,,,,1,,,
H2S530,H2S530_TAKRU,ENSTRUP00000007502,TAKRU,1.0,,,,,,,,,,,1,,,
H2S6X9,H2S6X9_TAKRU,ENSTRUP00000008151,TAKRU,1.0,,,,,,,,,,,1,,,
H2SGU3,H2SGU3_TAKRU,ENSTRUP00000011625,TAKRU,1.0,,,,,,,,,,,1,,,
O17617,O17617_CAEEL,nan,CAEEL,1.0,,,,,,,,,,,1,,,
H2SR73,H2SR73_TAKRU,ENSTRUP00000014910,TAKRU,1.0,,,,,,,,,,,1,,,
H2SRH0,H2SRH0_TAKRU,ENSTRUP00000015007,TAKRU,1.0,,,,,,,,,,,1,,,
H2SVM8,H2SVM8_TAKRU,ENSTRUP00000016466,TAKRU,1.0,,,,,,,,,,,1,,,
H2SVP8,H2SVP8_TAKRU,ENSTRUP00000016486,TAKRU,1.0,,,,,,,,,,,1,,,
H2SY57,H2SY57_TAKRU,ENSTRUP00000017345,TAKRU,1.0,,,,,,,,,,,1,,,
H2T0M4,H2T0M4_TAKRU,ENSTRUP00000018212,TAKRU,1.0,,,,,,,,,,,1,,,
H2T500,H2T500_TAKRU,ENSTRUP00000019738,TAKRU,1.0,,,,,,,,,,,1,,,
H2RT85,H2RT85_TAKRU,ENSTRUP00000003352,TAKRU,1.0,,,,,,,,,,,1,,,
H2RRX9,H2RRX9_TAKRU,ENSTRUP00000002895,TAKRU,1.0,,,,,,,,,,,1,,,
H2RPR1,H2RPR1_TAKRU,ENSTRUP00000002124,TAKRU,1.0,,,,,,,,,,,1,,,
H2RA05,H2RA05_PANTR,ENSPTRP00000053374,PANTR,1.0,,,,,,,,,,,1,,,
H2QGM2,H2QGM2_PANTR,ENSPTRP00000019177,PANTR,1.0,,,,,,,,,,,1,,,
H2QK56,H2QK56_PANTR,ENSPTRP00000022912,PANTR,1.0,,,,,,,,,,,1,,,
H2QMX4,H2QMX4_PANTR,ENSPTRP00000026070,PANTR,1.0,,,,,,,,,,,1,,,
H2QNG7,H2QNG7_PANTR,ENSPTRP00000026619,PANTR,1.0,,,,,,,,,,,1,,,
H2QWX3,H2QWX3_PANTR,ENSPTRP00000035422,PANTR,1.0,,,,,,,,,,,1,,,
H2QYP5,H2QYP5_PANTR,ENSPTRP00000037728,PANTR,1.0,,,,,,,,,,,1,,,
H2R3X7,H2R3X7_PANTR,ENSPTRP00000046255,PANTR,1.0,,,,,,,,,,,1,,,
H2R467,H2R467_PANTR,ENSPTRP00000046660,PANTR,1.0,,,,,,,,,,,1,,,
H2R6M6,H2R6M6_PANTR,ENSPTRP00000049272,PANTR,1.0,,,,,,,,,,,1,,,
H2R6N4,H2R6N4_PANTR,ENSPTRP00000049292,PANTR,1.0,,,,,,,,,,,1,,,
H2R7P3,H2R7P3_PANTR,ENSPTRP00000050645,PANTR,1.0,,,,,,,,,,,1,,,
H2R7P4,H2R7P4_PANTR,ENSPTRP00000050646,PANTR,1.0,,,,,,,,,,,1,,,
H2R8L8,H2R8L8_PANTR,ENSPTRP00000051748,PANTR,1.0,,,,,,,,,,,1,,,
H2R911,H2R911_PANTR,ENSPTRP00000052242,PANTR,1.0,,,,,,,,,,,1,,,
H2R952,H2R952_PANTR,ENSPTRP00000052448,PANTR,1.0,,,,,,,,,,,1,,,
H2T748,H2T748_TAKRU,ENSTRUP00000020487,TAKRU,1.0,,,,,,,,,,,1,,,
H2TIJ7,H2TIJ7_TAKRU,ENSTRUP00000024499,TAKRU,1.0,,,,,,,,,,,1,,,
H2TKY3,H2TKY3_TAKRU,ENSTRUP00000025338,TAKRU,1.0,,,,,,,,,,,1,,,
H2US64,H2US64_TAKRU,ENSTRUP00000039787,TAKRU,1.0,,,,,,,,,,,1,,,
H2UXF4,H2UXF4_TAKRU,ENSTRUP00000041633,TAKRU,1.0,,,,,,,,,,,1,,,
H2UXG2,H2UXG2_TAKRU,ENSTRUP00000041641,TAKRU,1.0,,,,,,,,,,,1,,,
H2UYY3,H2UYY3_TAKRU,ENSTRUP00000042162,TAKRU,1.0,,,,,,,,,,,1,,,
H2V2F3,H2V2F3_TAKRU,ENSTRUP00000043384,TAKRU,1.0,,,,,,,,,,,1,,,
H2VBK8,H2VBK8_TAKRU,ENSTRUP00000046600,TAKRU,1.0,,,,,,,,,,,1,,,
H2VDS0,H2VDS0_TAKRU,ENSTRUP00000047365,TAKRU,1.0,,,,,,,,,,,1,,,
H9GWC4,H9GWC4_CANFA,ENSCAFP00000019121,CANFA,1.0,,,,,,,,,,,1,,,
O00358,FOXE1_HUMAN,nan,HUMAN,1.0,,,,,,,,,,,1,,,
O08696,FOXM1_MOUSE,nan,MOUSE,1.0,,,,,,,,,,,1,,,
O08771,O08771_RAT,nan,RAT,1.0,,,,,,,,,,,1,,,
O13017,O13017_CHICK,nan,CHICK,1.0,,,,,,,,,,,1,,,
Q3UCQ1,FOXK2_MOUSE,nan,MOUSE,1.0,,,,,,,,,,,1,,,
O15353,FOXN1_HUMAN,nan,HUMAN,1.0,,,,,,,,,,,1,,,
O15409,FOXP2_HUMAN,nan,HUMAN,1.0,,,,,,,,,,,1,,,
O17593,O17593_CAEEL,nan,CAEEL,1.0,,,,,,,,,,,1,,,
H2UU55,H2UU55_TAKRU,ENSTRUP00000040479,TAKRU,1.0,,,,,,,,,,,1,,,
H2URG9,H2URG9_TAKRU,ENSTRUP00000039542,TAKRU,1.0,,,,,,,,,,,1,,,
H2TLB8,H2TLB8_TAKRU,ENSTRUP00000025473,TAKRU,1.0,,,,,,,,,,,1,,,
H2ULV3,H2ULV3_TAKRU,ENSTRUP00000037924,TAKRU,1.0,,,,,,,,,,,1,,,
H2TQJ1,H2TQJ1_TAKRU,ENSTRUP00000026948,TAKRU,1.0,,,,,,,,,,,1,,,
H2TV22,H2TV22_TAKRU,ENSTRUP00000028508,TAKRU,1.0,,,,,,,,,,,1,,,
H2TWK1,H2TWK1_TAKRU,ENSTRUP00000029060,TAKRU,1.0,,,,,,,,,,,1,,,
H2TWT4,H2TWT4_TAKRU,ENSTRUP00000029143,TAKRU,1.0,,,,,,,,,,,1,,,
H2TZ36,H2TZ36_TAKRU,ENSTRUP00000029945,TAKRU,1.0,,,,,,,,,,,1,,,
H2TZH0,H2TZH0_TAKRU,ENSTRUP00000030079,TAKRU,1.0,,,,,,,,,,,1,,,
H2U1A0,H2U1A0_TAKRU,ENSTRUP00000030711,TAKRU,1.0,,,,,,,,,,,1,,,
H2U246,H2U246_TAKRU,ENSTRUP00000031007,TAKRU,1.0,,,,,,,,,,,1,,,
H2U3N4,H2U3N4_TAKRU,ENSTRUP00000031545,TAKRU,1.0,,,,,,,,,,,1,,,
H2U4I7,H2U4I7_TAKRU,ENSTRUP00000031849,TAKRU,1.0,,,,,,,,,,,1,,,
H2UDM4,H2UDM4_TAKRU,ENSTRUP00000035043,TAKRU,1.0,,,,,,,,,,,1,,,
H2UGV2,H2UGV2_TAKRU,ENSTRUP00000036173,TAKRU,1.0,,,,,,,,,,,1,,,
H2UIQ5,H2UIQ5_TAKRU,ENSTRUP00000036826,TAKRU,1.0,,,,,,,,,,,1,,,
H2UJ41,H2UJ41_TAKRU,ENSTRUP00000036962,TAKRU,1.0,,,,,,,,,,,1,,,
H2UJK3,H2UJK3_TAKRU,ENSTRUP00000037124,TAKRU,1.0,,,,,,,,,,,1,,,
Q3SYB3,FX4L6_HUMAN,nan,HUMAN,1.0,,,,,,,,,,,1,,,
Q4P4A9,Q4P4A9_USTMA,nan,USTMA,1.0,,,,,,,,,,1,,,,
Q3UM89,FOXR2_MOUSE,nan,MOUSE,1.0,,,,,,,,,,,1,,,
Q9ES26,Q9ES26_RAT,nan,RAT,1.0,,,,,,,,,,,1,,,
Q99JB6,FOXP3_MOUSE,nan,MOUSE,1.0,,,,,,,,,,,1,,,
Q9BZS1,FOXP3_HUMAN,nan,HUMAN,1.0,,,,,,,,,,,1,,,
Q9C009,FOXQ1_HUMAN,nan,HUMAN,1.0,,,,,,,,,,,1,,,
Q9DE24,FXC1B_DANRE,nan,DANRE,1.0,,,,,,,,,,,1,,,
Q9DE25,FXC1A_DANRE,nan,DANRE,1.0,,,,,,,,,,,1,,,
Q9DGG2,Q9DGG2_CHICK,nan,CHICK,1.0,,,,,,,,,,,1,,,
Q9ES18,FOXJ2_MOUSE,nan,MOUSE,1.0,,,,,,,,,,,1,,,
Q9H334,FOXP1_HUMAN,nan,HUMAN,1.0,,,,,,,,,,,1,,,
Q3UTB7,FOXR1_MOUSE,nan,MOUSE,1.0,,,,,,,,,,,1,,,
Q9I9E1,FOXH1_DANRE,nan,DANRE,1.0,,,,,,,,,,,1,,,
Q9NU39,FX4L1_HUMAN,nan,HUMAN,1.0,,,,,,,,,,,1,,,
Q9P0K8,FOXJ2_HUMAN,nan,HUMAN,1.0,,,,,,,,,,,1,,,
Q9PT94,nan,nan,nan,1.0,,,,,,,,,,,1,,,
Q9PVP9,Q9PVP9_CHICK,nan,CHICK,1.0,,,,,,,,,,,1,,,
Q9QY14,FOXE3_MOUSE,nan,MOUSE,1.0,,,,,,,,,,,1,,,
Q9R1E0,FOXO1_MOUSE,nan,MOUSE,1.0,,,,,,,,,,,1,,,
Q99958,FOXC2_HUMAN,nan,HUMAN,1.0,,,,,,,,,,,1,,,
Q99853,FOXB1_HUMAN,nan,HUMAN,1.0,,,,,,,,,,,1,,,
Q98TD2,Q98TD2_CHICK,nan,CHICK,1.0,,,,,,,,,,,1,,,
Q95V55,FOXO_DROME,nan,DROME,1.0,,,,,,,,,,,1,,,
Q7T2G3,Q7T2G3_DANRE,nan,DANRE,1.0,,,,,,,,,,,1,,,
Q7T2N8,Q7T2N8_DANRE,nan,DANRE,1.0,,,,,,,,,,,1,,,
Q7ZTC0,Q7ZTC0_DANRE,nan,DANRE,1.0,,,,,,,,,,,1,,,
Q800Q3,Q800Q3_DANRE,nan,DANRE,1.0,,,,,,,,,,,1,,,
Q86MF0,Q86MF0_CAEEL,nan,CAEEL,1.0,,,,,,,,,,,1,,,
Q8BSS2,Q8BSS2_MOUSE,nan,MOUSE,1.0,,,,,,,,,,,1,,,
Q8BUR3,FOXJ3_MOUSE,nan,MOUSE,1.0,,,,,,,,,,,1,,,
Q8IMA2,Q8IMA2_DROME,nan,DROME,1.0,,,,,,,,,,,1,,,
Q8IQE9,Q8IQE9_DROME,nan,DROME,1.0,,,,,,,,,,,1,,,
Q8K3Q3,FOXN4_MOUSE,nan,MOUSE,1.0,,,,,,,,,,,1,,,
Q8MUS6,Q8MUS6_BRAFL,nan,BRAFL,1.0,,,,,,,,,,,1,,,
Q8R2I0,FOXE1_MOUSE,nan,MOUSE,1.0,,,,,,,,,,,1,,,
Q8T9N1,Q8T9N1_BRAFL,nan,BRAFL,1.0,,,,,,,,,,,1,,,
Q922I5,FOXI1_MOUSE,nan,MOUSE,1.0,,,,,,,,,,,1,,,
Q92949,FOXJ1_HUMAN,nan,HUMAN,1.0,,,,,,,,,,,1,,,
Q9SFV2,Q9SFV2_ARATH,nan,ARATH,1.0,,,,,,,,,,1,,,,
Q9TZK1,Q9TZK1_CAEEL,nan,CAEEL,1.0,,,,,,,,,,,1,,,
Q9UJU5,FOXD3_HUMAN,nan,HUMAN,1.0,,,,,,,,,,,1,,,
nan,nan,ENSCAFP00000005966,CANFA,1.0,,,,,,,,,,,1,,,
nan,nan,ENSCAFP00000010532,CANFA,1.0,,,,,,,,,,,1,,,
nan,nan,ENSCAFP00000010989,CANFA,1.0,,,,,,,,,,,1,,,
nan,nan,ENSCINP00000019244,CIOIN,1.0,,,,,,,,,,,1,,,
nan,nan,ENSCINP00000021635,CIOIN,1.0,,,,,,,,,,,1,,,
nan,nan,ENSCINP00000024429,CIOIN,1.0,,,,,,,,,,,1,,,
nan,nan,ENSGALP00000034746,CHICK,1.0,,,,,,,,,,,1,,,
nan,nan,ENSMODP00000026905,MONDO,1.0,,,,,,,,,,,1,,,
nan,nan,ENSOANP00000000527,ORNAN,1.0,,,,,,,,,,,1,,,
nan,nan,ENSPTRP00000016683,PANTR,1.0,,,,,,,,,,,1,,,
nan,nan,ENSPTRP00000033575,PANTR,1.0,,,,,,,,,,,1,,,
nan,nan,ENSPTRP00000037825,PANTR,1.0,,,,,,,,,,,1,,,
nan,nan,ENSPTRP00000050550,PANTR,1.0,,,,,,,,,,,1,,,
nan,nan,ENSPTRP00000059057,PANTR,1.0,,,,,,,,,,,1,,,
nan,nan,ENSPTRP00000059257,PANTR,1.0,,,,,,,,,,,1,,,
nan,nan,ENSRNOP00000000871,RAT,1.0,,,,,,,,,,,1,,,
nan,nan,ENSCAFP00000009715,CANFA,1.0,,,,,,,,,,,1,,,
nan,nan,ENSCAFP00000003583,CANFA,1.0,,,,,,,,,,,1,,,
Q9UPW0,FOXJ3_HUMAN,nan,HUMAN,1.0,,,,,,,,,,,1,,,
nan,nan,ENSBTAP00000052974,BOVIN,1.0,,,,,,,,,,,1,,,
Q9V481,Q9V481_DROME,nan,DROME,1.0,,,,,,,,,,,1,,,
Q9VH87,Q9VH87_DROME,nan,DROME,1.0,,,,,,,,,,,1,,,
Q9VS05,FOXF_DROME,nan,DROME,1.0,,,,,,,,,,,1,,,
Q9W3E2,Q9W3E2_DROME,nan,DROME,1.0,,,,1,,,,,,,,,,
Q9W3Q5,Q9W3Q5_DROME,nan,DROME,1.0,,,,,,,,,,,1,,,
Q9W4Q0,Q9W4Q0_DROME,nan,DROME,1.0,,,,,,,,,,,1,,,
Q9W5X5,Q9W5X5_DROME,nan,DROME,1.0,,,,,,,,,,,1,,,
Q9W7F8,Q9W7F8_DANRE,nan,DANRE,1.0,,,,,,,,,,,1,,,
Q9W7F9,Q9W7F9_CHICK,nan,CHICK,1.0,,,,,,,,,,,1,,,
Q9WVH3,FOXO4_MOUSE,nan,MOUSE,1.0,,,,,,,,,,,1,,,
Q9WVH4,FOXO3_MOUSE,nan,MOUSE,1.0,,,,,,,,,,,1,,,
Q9XTP7,Q9XTP7_DROME,nan,DROME,1.0,,,,,,,,,,,1,,,
Q9Y261,FOXA2_HUMAN,nan,HUMAN,1.0,,,,,,,,,,,1,,,
nan,nan,ENSBTAP00000048826,BOVIN,1.0,,,,,,,,,,,1,,,
nan,nan,ENSBTAP00000049476,BOVIN,1.0,,,,,,,,,,,1,,,
Q7T1R4,FOXA2_XENTR,ENSXETP00000056642,XENTR,1.0,,,,,,,,,,,1,,,
Q7T1C2,Q7T1C2_DANRE,nan,DANRE,1.0,,,,,,,,,,,1,,,
Q7T1C1,Q7T1C1_DANRE,nan,DANRE,1.0,,,,,,,,,,,1,,,
Q5K9V8,Q5K9V8_CRYNJ,nan,CRYNJ,1.0,,,,,,,,,,,1,,,
Q5KDK7,Q5KDK7_CRYNJ,nan,CRYNJ,1.0,,,,,,,,,,,1,,,
Q5M7L9,FOXD3_XENTR,ENSXETP00000023699,XENTR,1.0,,,,,,,,,,,1,,,
Q5PRB5,nan,nan,nan,1.0,,,,,,,,,,,1,,,
Q5PRD6,Q5PRD6_DANRE,nan,DANRE,1.0,,,,,,,,,,,1,,,
Q5RJI9,Q5RJI9_MOUSE,nan,MOUSE,1.0,,,,,,,,,,,1,,,
Q5TUU4,Q5TUU4_ANOGA,nan,ANOGA,1.0,,,,,,,,,,,1,,,
Q5TV67,Q5TV67_ANOGA,nan,ANOGA,1.0,,,,,,,,,,,1,,,
Q5TYT5,Q5TYT5_DANRE,nan,DANRE,1.0,,,,,,,,,,,1,,,
Q5VV16,FX4L5_HUMAN,nan,HUMAN,1.0,,,,,,,,,,,1,,,
Q5VYV0,FOXB2_HUMAN,nan,HUMAN,1.0,,,,,,,,,,,1,,,
Q5ZL11,Q5ZL11_CHICK,nan,CHICK,1.0,,,,,,,,,,,1,,,
Q60688,FOXD4_MOUSE,nan,MOUSE,1.0,,,,,,,,,,,1,,,
Q61080,FOXF1_MOUSE,nan,MOUSE,1.0,,,,,,,,,,,1,,,
Q61345,FOXD1_MOUSE,nan,MOUSE,1.0,,,,,,,,,,,1,,,
Q61572,FOXC1_MOUSE,nan,MOUSE,1.0,,,,,,,,,,,1,,,
Q5KDC8,Q5KDC8_CRYNJ,nan,CRYNJ,1.0,,,,,,,,,,,1,,,
Q5J7N5,Q5J7N5_CHICK,nan,CHICK,1.0,,,,,,,,,,,1,,,
Q61575,FOXN1_MOUSE,nan,MOUSE,1.0,,,,,,,,,,,1,,,
Q5I0F7,Q5I0F7_DANRE,nan,DANRE,1.0,,,,,,,,,,,1,,,
Q3Y598,FOXA3_BOVIN,ENSBTAP00000016056,BOVIN,1.0,,,,,,,,,,,1,,,
Q498D1,FOXP1_RAT,nan,RAT,1.0,,,,,,,,,,,1,,,
Q4H3I6,Q4H3I6_CIOIN,ENSCINP00000014814,CIOIN,1.0,,,,,,,,,,,1,,,
Q4P0Y2,Q4P0Y2_USTMA,nan,USTMA,1.0,,,,,,,,,,,1,,,
H2QCH8,H2QCH8_PANTR,ENSPTRP00000015225,PANTR,1.0,,,,,,,,,,,1,,,
Q4PFS1,Q4PFS1_USTMA,nan,USTMA,1.0,1,,,,,,,,,,,,,
Q4QRE5,Q4QRE5_DANRE,nan,DANRE,1.0,,,,,,,,,,,1,,,
Q502Q4,Q502Q4_DANRE,nan,DANRE,1.0,,,,,,,,,,,1,,,
Q566W3,Q566W3_DANRE,nan,DANRE,1.0,,,,,,,,,,,1,,,
Q568B2,Q568B2_DANRE,nan,DANRE,1.0,,,,,,,,,,,1,,,
Q58NQ4,FOXP1_CHICK,nan,CHICK,1.0,,,,,,,,,,,1,,,
Q59Z64,nan,nan,nan,1.0,,,,,,,,,,1,,,,
Q59ZC8,FHL1_CANAL,nan,CANAL,1.0,,,,,,,,,,1,,,,
Q5APB2,Q5APB2_CANAL,nan,CANAL,1.0,,,,,,,,,,,1,,,
Q5HZE9,Q5HZE9_RAT,nan,RAT,1.0,,,,,,,,,,,1,,,
Q61574,FOXS1_MOUSE,nan,MOUSE,1.0,,,,,,,,,,,1,,,
Q61660,FOXJ1_MOUSE,nan,MOUSE,1.0,,,,,,,,,,,1,,,
Q7T1C0,Q7T1C0_DANRE,nan,DANRE,1.0,,,,,,,,,,,1,,,
Q6ZQN5,FOXI2_HUMAN,nan,HUMAN,1.0,,,,,,,,,,,1,,,
Q7PGH8,Q7PGH8_ANOGA,nan,ANOGA,1.0,,,,,,,,,,,1,,,
Q7PJQ2,Q7PJQ2_ANOGA,nan,ANOGA,1.0,,,,,,,,,,,1,,,
Q7PVY5,Q7PVY5_ANOGA,nan,ANOGA,1.0,,,,,,,,,,,1,,,
Q7PXZ4,Q7PXZ4_ANOGA,nan,ANOGA,1.0,,,,,,,,,,,1,,,
Q7Q419,Q7Q419_ANOGA,nan,ANOGA,1.0,,,,,,,,,,,1,,,
Q7Q6E2,Q7Q6E2_ANOGA,nan,ANOGA,1.0,,,,,,,,,,,1,,,
Q7Q6J8,Q7Q6J8_ANOGA,nan,ANOGA,1.0,,,,,,,,,,,1,,,
Q7Q8I9,Q7Q8I9_ANOGA,nan,ANOGA,1.0,,,,,,,,,,,1,,,
Q7QD17,Q7QD17_ANOGA,nan,ANOGA,1.0,,,,,,,,,,,1,,,
Q7QEG5,nan,nan,nan,1.0,,,,,,,,,,,1,,,
Q7QID0,Q7QID0_ANOGA,nan,ANOGA,1.0,,,,,,,,,,,1,,,
Q7RY86,Q7RY86_NEUCR,nan,NEUCR,1.0,,,,,,,,,,,1,,,
Q7SAT6,nan,nan,nan,1.0,,,,,,,,,,,1,,,
Q7SY22,Q7SY22_DANRE,nan,DANRE,1.0,,,,,,,,,,,1,,,
Q7SYM1,Q7SYM1_DANRE,nan,DANRE,1.0,,,,,,,,,,,1,,,
Q70VZ3,Q70VZ3_CIOIN,ENSCINP00000015355,CIOIN,1.0,,,,,,,,,,,1,,,
Q6VFT7,FOXL2_BOVIN,ENSBTAP00000041814,BOVIN,1.0,,,,,,,,,,,1,,,
Q61850,FOXC2_MOUSE,nan,MOUSE,1.0,,,,,,,,,,,1,,,
Q6PJQ5,FOXR2_HUMAN,nan,HUMAN,1.0,,,,,,,,,,,1,,,
Q63244,FOXQ1_RAT,nan,RAT,1.0,,,,,,,,,,,1,,,
Q63246,FOXC2_RAT,nan,RAT,1.0,,,,,,,,,,,1,,,
Q63247,FOXJ1_RAT,nan,RAT,1.0,,,,,,,,,,,1,,,
Q63250,FOXE3_RAT,nan,RAT,1.0,,,,,,,,,,,1,,,
Q64732,FOXB1_MOUSE,nan,MOUSE,1.0,,,,,,,,,,,1,,,
Q64733,FOXB2_MOUSE,nan,MOUSE,1.0,,,,,,,,,,,1,,,
Q66IG8,FXJ12_XENTR,ENSXETP00000052832,XENTR,1.0,,,,,,,,,,,1,,,
Q68F77,FOXC1_XENTR,ENSXETP00000001313,XENTR,1.0,,,,,,,,,,,1,,,
Q6F2E4,FOXD1_XENTR,ENSXETP00000036667,XENTR,1.0,,,,,,,,,,,1,,,
Q6NVT7,FOXC2_XENTR,ENSXETP00000035768,XENTR,1.0,,,,,,,,,,,1,,,
Q6NW50,Q6NW50_DANRE,nan,DANRE,1.0,,,,,,,,,,,1,,,
Q6NXD6,Q6NXD6_DANRE,nan,DANRE,1.0,,,,,,,,,,,1,,,
Q6P2Z3,FOXI1_XENTR,ENSXETP00000004118,XENTR,1.0,,,,,,,,,,,1,,,
Q6P8A3,FXI1E_XENTR,ENSXETP00000005340,XENTR,1.0,,,,,,,,,,,1,,,
Q6PIV2,FOXR1_HUMAN,nan,HUMAN,1.0,,,,,,,,,,,1,,,
H2QDX6,H2QDX6_PANTR,ENSPTRP00000016444,PANTR,1.0,,,,,,,,,,,1,,,
H2Q5D1,H2Q5D1_PANTR,ENSPTRP00000007900,PANTR,1.0,,,,,,,,,,,1,,,
H2QBP0,H2QBP0_PANTR,ENSPTRP00000014394,PANTR,1.0,,,,,,,,,,,1,,,
D4ADV2,D4ADV2_RAT,nan,RAT,1.0,,,,,,,,,,,1,,,
D3ZY28,D3ZY28_RAT,nan,RAT,1.0,,,,,,,,,,,1,,,
D3ZZ52,nan,nan,nan,1.0,,,,,,,,,,,1,,,
D4A0S1,D4A0S1_RAT,nan,RAT,1.0,,,,,,,,,,,1,,,
D4A1T1,D4A1T1_RAT,nan,RAT,1.0,,,,,,,,,,,1,,,
D4A433,D4A433_RAT,nan,RAT,1.0,,,,,,,,,,,1,,,
D4A7G2,D4A7G2_RAT,nan,RAT,1.0,,,,,,,,,,,1,,,
D4ADN4,nan,nan,nan,1.0,,,,,,,,,,,1,,,
E1B7H0,E1B7H0_BOVIN,ENSBTAP00000025445,BOVIN,1.0,,,,,,,,,,,1,,,
C4Q3W0,nan,nan,nan,1.0,,,,,,,,,,,1,,,
E1B841,E1B841_BOVIN,ENSBTAP00000021101,BOVIN,1.0,,,,,,,,,,,1,,,
E1B8C0,E1B8C0_BOVIN,ENSBTAP00000026309,BOVIN,1.0,,,,,,,,,,,1,,,
E1BBI0,E1BBI0_BOVIN,ENSBTAP00000033192,BOVIN,1.0,,,,,,,,,,,1,,,
E1BCB1,E1BCB1_BOVIN,ENSBTAP00000044077,BOVIN,1.0,,,,,,,,,,,1,,,
E1BIV1,E1BIV1_BOVIN,ENSBTAP00000011206,BOVIN,1.0,,,,,,,,,,,1,,,
E1BJ25,E1BJ25_BOVIN,ENSBTAP00000017410,BOVIN,1.0,,,,,,,,,,,1,,,
E1BK17,E1BK17_BOVIN,ENSBTAP00000053827,BOVIN,1.0,,,,,,,,,,,1,,,
D3ZV21,D3ZV21_RAT,nan,RAT,1.0,,,,,,,,,,,1,,,
D3ZU55,D3ZU55_RAT,nan,RAT,1.0,,,,,,,,,,,1,,,
D3ZP43,D3ZP43_RAT,nan,RAT,1.0,,,,,,,,,,,1,,,
D3ZLN2,D3ZLN2_RAT,nan,RAT,1.0,,,,,,,,,,,1,,,
C4Q8Z6,nan,nan,nan,1.0,,,,,,,,,,,1,,,
C4Q8Z7,nan,nan,nan,1.0,,,,,,,,,,,1,,,
C4QBI6,nan,nan,nan,1.0,,,,,,,,,,,1,,,
C4QBY3,nan,nan,nan,1.0,,,,,,,,,,,1,,,
C4QDU1,nan,nan,nan,1.0,,,,,,,,,,,1,,,
C4QHX1,nan,nan,nan,1.0,,,,,,,,,,,1,,,
C4QKH2,nan,nan,nan,1.0,,,,,,,,,,,1,,,
D0VYJ3,D0VYJ3_CANFA,ENSCAFP00000023435,CANFA,1.0,,,,,,,,,,,1,,,
D3Z120,D3Z120_MOUSE,nan,MOUSE,1.0,,,,,,,,,,,1,,,
D3Z6Q3,D3Z6Q3_MOUSE,nan,MOUSE,1.0,,,,,,,,,,,1,,,
D3ZB46,nan,nan,nan,1.0,,,,,,,,,,,1,,,
D3ZBQ1,D3ZBQ1_RAT,nan,RAT,1.0,,,,,,,,,,,1,,,
D3ZDB6,nan,nan,nan,1.0,,,,,,,,,,,1,,,
D3ZKI1,D3ZKI1_RAT,nan,RAT,1.0,,,,,,,,,,,1,,,
D3ZLE1,D3ZLE1_RAT,nan,RAT,1.0,,,,,,,,,,,1,,,
E1BM52,E1BM52_BOVIN,ENSBTAP00000018905,BOVIN,1.0,1,,,,,,,,,,,,,
E1BN87,E1BN87_BOVIN,ENSBTAP00000008160,BOVIN,1.0,,,,,,,,,,,1,,,
E1BNF3,E1BNF3_BOVIN,ENSBTAP00000010408,BOVIN,1.0,,,,,,,,,,,1,,,
E2RTA1,E2RTA1_CANFA,ENSCAFP00000024882,CANFA,1.0,,,,,,,,,,,1,,,
E7F138,E7F138_DANRE,ENSDARP00000102208,DANRE,1.0,,,,,,,,,,,1,,,
E7F6A0,E7F6A0_DANRE,ENSDARP00000054557,DANRE,1.0,,,,,,,,,,,1,,,
E7F6L1,E7F6L1_DANRE,ENSDARP00000103866,DANRE,1.0,,,,,,,,,,,1,,,
E7F8H3,E7F8H3_DANRE,ENSDARP00000108269,DANRE,1.0,,,,,,,,,,,1,,,
E7FA97,E7FA97_DANRE,ENSDARP00000074846,DANRE,1.0,,,,,,,,,,,1,,,
E7FER3,E7FER3_DANRE,ENSDARP00000094009,DANRE,1.0,,,,,,,,,,,1,,,
E7FFM9,E7FFM9_DANRE,ENSDARP00000016330,DANRE,1.0,,,,,,,,,,,1,,,
F1LTW6,F1LTW6_RAT,ENSRNOP00000050539,RAT,1.0,,,,,,,,,,,1,,,
F1LWK1,F1LWK1_RAT,ENSRNOP00000056938,RAT,1.0,,,,,,,,,,,1,,,
F1M4A8,F1M4A8_RAT,ENSRNOP00000007759,RAT,1.0,,,,,,,,,,,1,,,
F1MBH4,F1MBH4_BOVIN,ENSBTAP00000000009,BOVIN,1.0,,,,,,,,,,,1,,,
F1MC99,F1MC99_BOVIN,ENSBTAP00000050534,BOVIN,1.0,,,,,,,,,,,1,,,
F1ME54,F1ME54_BOVIN,ENSBTAP00000050460,BOVIN,1.0,,,,,,,,,,,1,,,
F1MFD4,F1MFD4_BOVIN,ENSBTAP00000012128,BOVIN,1.0,,,,,,,,,,,1,,,
F1MNS7,F1MNS7_BOVIN,ENSBTAP00000053401,BOVIN,1.0,,,,,,,,,,,1,,,
E7EZ33,E7EZ33_DANRE,ENSDARP00000098221,DANRE,1.0,,,,,,,,,,,1,,,
E2RNQ6,E2RNQ6_CANFA,ENSCAFP00000007716,CANFA,1.0,,,,,,,,,,,1,,,
E1BPQ1,FOXO1_BOVIN,ENSBTAP00000053389,BOVIN,1.0,,,,,,,,,,,1,,,
E2RNB4,E2RNB4_CANFA,ENSCAFP00000006480,CANFA,1.0,,,,,,,,,,,1,,,
E1BPY1,E1BPY1_BOVIN,ENSBTAP00000019467,BOVIN,1.0,,,,,,,,,,,1,,,
E1BR13,E1BR13_CHICK,nan,CHICK,1.0,,,,,,,,,,,1,,,
E1BTF1,nan,nan,nan,1.0,,,,,,,,,,,1,,,
E1BTL6,E1BTL6_CHICK,nan,CHICK,1.0,,,,,,,,,,,1,,,
E1BVS9,nan,nan,nan,1.0,,,,,,,,,,,1,,,
E1C4U8,E1C4U8_CHICK,nan,CHICK,1.0,,,,,,,,,,,1,,,
E2QSH3,E2QSH3_CANFA,ENSCAFP00000029498,CANFA,1.0,,,,,,,,,,,1,,,
E2QSH5,E2QSH5_CANFA,ENSCAFP00000029496,CANFA,1.0,,,,,,,,,,,1,,,
E2QUB0,E2QUB0_CANFA,ENSCAFP00000029503,CANFA,1.0,,,,,,,,,,,1,,,
E2R0F1,E2R0F1_CANFA,ENSCAFP00000003731,CANFA,1.0,,,,,,,,,,,1,,,
E2R126,E2R126_CANFA,ENSCAFP00000035570,CANFA,1.0,,,,,,,,,,,1,,,
E2R9H7,E2R9H7_CANFA,ENSCAFP00000008944,CANFA,1.0,,,,,,,,,,,1,,,
E2REN3,E2REN3_CANFA,ENSCAFP00000025768,CANFA,1.0,,,,,,,,,,,1,,,
E2RIR7,E2RIR7_CANFA,ENSCAFP00000023001,CANFA,1.0,,,,,,,,,,,1,,,
E2RN41,E2RN41_CANFA,ENSCAFP00000002391,CANFA,1.0,,,,,,,,,,,1,,,
C4Q8Z5,nan,nan,nan,1.0,,,,,,,,,,,1,,,
C4Q2U5,nan,nan,nan,1.0,,,,,,,,,,,1,,,
H2QBN8,H2QBN8_PANTR,ENSPTRP00000014391,PANTR,1.0,,,,,,,,,,,1,,,
A9UWM8,A9UWM8_MONBE,nan,MONBE,1.0,,,,,,,,,,,1,,,
A7SL43,A7SL43_NEMVE,nan,NEMVE,1.0,,,,,,,,,,,1,,,
A7SQU5,A7SQU5_NEMVE,nan,NEMVE,1.0,,,,,,,,,,,1,,,
A7SW59,A7SW59_NEMVE,nan,NEMVE,1.0,,,,,,,,,,,1,,,
A8E4V8,A8E4V8_XENTR,ENSXETP00000029487,XENTR,1.0,,,,,,,,,,,1,,,
A8MTJ6,FOXI3_HUMAN,nan,HUMAN,1.0,,,,,,,,,,,1,,,
A8MYZ6,FOXO6_HUMAN,nan,HUMAN,1.0,,,,,,,,,,,1,,,
A9UVZ7,A9UVZ7_MONBE,nan,MONBE,1.0,,,,,,,,,,,1,,,
A9V2T2,A9V2T2_MONBE,nan,MONBE,1.0,,,,,,,,,,,1,,,
C4PZW7,nan,nan,nan,1.0,,,,,,,,,,,1,,,
B0BN92,B0BN92_RAT,nan,RAT,1.0,,,,,,,,,,,1,,,
B0JZ54,B0JZ54_XENTR,ENSXETP00000038420,XENTR,1.0,,,,,,,,,,,1,,,
B0JZL4,B0JZL4_DANRE,nan,DANRE,1.0,,,,,,,,,,,1,,,
B0JZP2,B0JZP2_DANRE,nan,DANRE,1.0,,,,,,,,,,,1,,,
B0S583,nan,nan,nan,1.0,,,,,,,,,,,1,,,
B0UXI2,B0UXI2_DANRE,nan,DANRE,1.0,,,,,,,,,,,1,,,
B0UXI3,B0UXI3_DANRE,nan,DANRE,1.0,,,,,,,,,,,1,,,
A7SKI7,A7SKI7_NEMVE,nan,NEMVE,1.0,,,,,,,,,,,1,,,
A7SCW5,A7SCW5_NEMVE,nan,NEMVE,1.0,,,,,,,,,,,1,,,
A7S9S5,A7S9S5_NEMVE,nan,NEMVE,1.0,,,,,,,,,,,1,,,
A7S1E3,A7S1E3_NEMVE,nan,NEMVE,1.0,,,,,,,,,,,1,,,
A2CEM5,A2CEM5_DANRE,nan,DANRE,1.0,,,,,,,,,,,1,,,
A3EYS4,A3EYS4_CHICK,nan,CHICK,1.0,,,,,,,,,,,1,,,
A3RK74,FX1AA_DANRE,nan,DANRE,1.0,,,,,,,,,,,1,,,
A3RK75,FX1AB_DANRE,nan,DANRE,1.0,,,,,,,,,,,1,,,
A4IFD2,FOXP1_BOVIN,ENSBTAP00000021993,BOVIN,1.0,,,,,,,,,,,1,,,
A4IGC7,A4IGC7_DANRE,nan,DANRE,1.0,,,,,,,,,,,1,,,
A4IGF4,A4IGF4_DANRE,nan,DANRE,1.0,,,,,,,,,,,1,,,
A4IIM7,A4IIM7_XENTR,ENSXETP00000032495,XENTR,1.0,,,,,,,,,,,1,,,
A6QLP0,A6QLP0_BOVIN,ENSBTAP00000006418,BOVIN,1.0,,,,,,,,,,,1,,,
A7E5K5,A7E5K5_SCLS1,nan,SCLS1,1.0,,,,,,,,,,,1,,,
A7MBZ9,A7MBZ9_DANRE,nan,DANRE,1.0,,,,,,,,,,,1,,,
A7RI36,A7RI36_NEMVE,nan,NEMVE,1.0,,,,,,,,,,,1,,,
A7RL76,A7RL76_NEMVE,nan,NEMVE,1.0,,,,,,,,,,,1,,,
A7RPM8,A7RPM8_NEMVE,nan,NEMVE,1.0,,,,,,,,,,,1,,,
A7RRG6,A7RRG6_NEMVE,nan,NEMVE,1.0,,,,,,,,,,,1,,,
B0Y370,B0Y370_ASPFC,nan,ASPFC,1.0,,,,,,,,,,,1,,,
B3DHP4,B3DHP4_DANRE,nan,DANRE,1.0,,,,,,,,,,,1,,,
B3DJK9,B3DJK9_DANRE,nan,DANRE,1.0,,,,,,,,,,,1,,,
C3XQA0,C3XQA0_BRAFL,nan,BRAFL,1.0,,,,,,,,,,,1,,,
C3XR49,C3XR49_BRAFL,nan,BRAFL,1.0,,,,,,,,,,,1,,,
C3XR51,C3XR51_BRAFL,nan,BRAFL,1.0,,,,,,,,,,,1,,,
C3Y0G7,C3Y0G7_BRAFL,nan,BRAFL,1.0,,,,,,,,,,,1,,,
C3Y5P8,C3Y5P8_BRAFL,nan,BRAFL,1.0,,,,,,,,,,,1,,,
C3Y6A6,C3Y6A6_BRAFL,nan,BRAFL,1.0,,,,,,,1,,,,,,,
C3YF74,C3YF74_BRAFL,nan,BRAFL,1.0,,,,,,,,,,,1,,,
C3YNT3,C3YNT3_BRAFL,nan,BRAFL,1.0,,,,,,,,,,,1,,,
C3YWN1,C3YWN1_BRAFL,nan,BRAFL,1.0,,,,,,,,,,,1,,,
C3Z2J8,C3Z2J8_BRAFL,nan,BRAFL,1.0,,,,,,,,,,,1,,,
C3ZBN9,C3ZBN9_BRAFL,nan,BRAFL,1.0,,,,,,,,,,,1,,,
C3ZBQ8,C3ZBQ8_BRAFL,nan,BRAFL,1.0,,,,,,,,,,,1,,,
C3ZBR5,C3ZBR5_BRAFL,nan,BRAFL,1.0,,,,,,,,,,,1,,,
C3ZHU0,C3ZHU0_BRAFL,nan,BRAFL,1.0,,,,,,,,,,,1,,,
C3ZMY1,C3ZMY1_BRAFL,nan,BRAFL,1.0,,,,,,,,,,,1,,,
C4PZJ0,nan,nan,nan,1.0,,,,,,,,,,,1,,,
C3XQK4,C3XQK4_BRAFL,nan,BRAFL,1.0,,,,,,,,,,,1,,,
C3W4Z9,C3W4Z9_DANRE,nan,DANRE,1.0,,,,,,,,,,,1,,,
B3UYA5,B3UYA5_BRAFL,nan,BRAFL,1.0,,,,,,,,,,,1,,,
C1M0T3,nan,nan,nan,1.0,,,,,,,,,,,1,,,
B4F6Q7,B4F6Q7_DANRE,nan,DANRE,1.0,,,,,,,,,,,1,,,
B5DE12,B5DE12_XENTR,ENSXETP00000049340,XENTR,1.0,,,,,,,,,,,1,,,
B7P109,B7P109_IXOSC,nan,IXOSC,1.0,,,,,,,,,,,1,,,
B7P1M4,B7P1M4_IXOSC,nan,IXOSC,1.0,,,,,,,,,,,1,,,
B7P2M9,B7P2M9_IXOSC,nan,IXOSC,1.0,,,,,,,,,,,1,,,
B7P3E0,B7P3E0_IXOSC,nan,IXOSC,1.0,,,,,,,,,,,1,,,
B7PDX4,B7PDX4_IXOSC,nan,IXOSC,1.0,,,,,,,,,,,1,,,
B7PEV8,B7PEV8_IXOSC,nan,IXOSC,1.0,,,,,,,,,,,1,,,
B7PHQ1,B7PHQ1_IXOSC,nan,IXOSC,1.0,,,,,,,,,,,1,,,
B7PS89,B7PS89_IXOSC,nan,IXOSC,1.0,,,,,,,,,,,1,,,
B7PVH9,B7PVH9_IXOSC,nan,IXOSC,1.0,,,,,,,,,,,1,,,
B7PW36,B7PW36_IXOSC,nan,IXOSC,1.0,,,,,,,,,,,1,,,
B7Q716,B7Q716_IXOSC,nan,IXOSC,1.0,,,,,,,,,,,1,,,
B7Q9L9,B7Q9L9_IXOSC,nan,IXOSC,1.0,,,,,,,,,,,1,,,
C1LZM4,nan,nan,nan,1.0,,,,,,,,,,,1,,,
F1MP14,F1MP14_BOVIN,ENSBTAP00000025710,BOVIN,1.0,,,,,,,,,,,1,,,
F1MSV7,F1MSV7_BOVIN,ENSBTAP00000017660,BOVIN,1.0,,,,,,,,,,,1,,,
F1MVT0,F1MVT0_BOVIN,ENSBTAP00000016540,BOVIN,1.0,,,,,,,,,,,1,,,
F7CXI5,F7CXI5_ORNAN,ENSOANP00000011156,ORNAN,1.0,,,,,,,,,,,1,,,
F7BV98,F7BV98_ORNAN,ENSOANP00000023792,ORNAN,1.0,,,,,,,,,,,1,,,
F7C0S4,F7C0S4_MACMU,ENSMMUP00000018578,MACMU,1.0,,,,,,,,,,,1,,,
F7C1B9,F7C1B9_ORNAN,ENSOANP00000012164,ORNAN,1.0,,,,,,,,,,,1,,,
F7C3S9,F7C3S9_XENTR,ENSXETP00000041927,XENTR,1.0,,,,,,,,,,,1,,,
F7C442,F7C442_MACMU,ENSMMUP00000018711,MACMU,1.0,,,,,,,,,,,1,,,
F7C7P5,F7C7P5_ORNAN,ENSOANP00000022365,ORNAN,1.0,,,,,,,,,,,1,,,
F7CBH3,F7CBH3_XENTR,ENSXETP00000042292,XENTR,1.0,,,,,,,,,,,1,,,
F7D006,F7D006_MACMU,ENSMMUP00000041036,MACMU,1.0,,,,,,,,,,,1,,,
F1MW83,F1MW83_BOVIN,ENSBTAP00000004805,BOVIN,1.0,,,,,,,,,,,1,,,
F7D2T8,F7D2T8_MACMU,ENSMMUP00000013653,MACMU,1.0,,,,,,,,,,,1,,,
F7D2Z0,F7D2Z0_MACMU,ENSMMUP00000025624,MACMU,1.0,,,,,,,,,,,1,,,
F7D313,F7D313_MACMU,ENSMMUP00000025621,MACMU,1.0,,,,,,,,,,,1,,,
F7D320,F7D320_MACMU,ENSMMUP00000025620,MACMU,1.0,,,,,,,,,,,1,,,
F7D628,F7D628_MACMU,ENSMMUP00000001831,MACMU,1.0,,,,,,,,,,,1,,,
F7D8Z4,F7D8Z4_ORNAN,ENSOANP00000019884,ORNAN,1.0,,,,,,,,,,,1,,,
F7DDD5,F7DDD5_ORNAN,ENSOANP00000002211,ORNAN,1.0,,,,,,,,,,,1,,,
F7BV32,F7BV32_MONDO,ENSMODP00000022414,MONDO,1.0,,,,,,,,,,,1,,,
F7BT72,F7BT72_MACMU,ENSMMUP00000039115,MACMU,1.0,,,,,,,,,,,1,,,
F7BQL4,F7BQL4_ORNAN,ENSOANP00000006109,ORNAN,1.0,,,,,,,,,,,1,,,
F7BLX2,F7BLX2_XENTR,ENSXETP00000053508,XENTR,1.0,,,,,,,,,,,1,,,
F6ZUM7,F6ZUM7_ORNAN,ENSOANP00000015435,ORNAN,1.0,,,,,,,,,,,1,,,
F6ZVZ0,F6ZVZ0_MACMU,ENSMMUP00000036378,MACMU,1.0,,,,,,,,,,,1,,,
F6ZZ08,F6ZZ08_MONDO,ENSMODP00000037936,MONDO,1.0,,,,,,,,,,,1,,,
F7AD94,F7AD94_XENTR,ENSXETP00000025918,XENTR,1.0,,,,,,,,,,,1,,,
F7ADA1,F7ADA1_XENTR,ENSXETP00000025917,XENTR,1.0,,,,,,,,,,,1,,,
F7AFW8,F7AFW8_CIOIN,ENSCINP00000002081,CIOIN,1.0,,,,,,,,,,,1,,,
F7ALT0,F7ALT0_MONDO,ENSMODP00000015070,MONDO,1.0,,,,,,,,,,,1,,,
F7AZY9,F7AZY9_CIOIN,ENSCINP00000002040,CIOIN,1.0,,,,,,,,,,,1,,,
F7B3L6,F7B3L6_XENTR,ENSXETP00000011342,XENTR,1.0,,,,,,,,,,,1,,,
F7B682,F7B682_XENTR,ENSXETP00000007706,XENTR,1.0,,,,,,,,,,,1,,,
F7B779,F7B779_CIOIN,ENSCINP00000022650,CIOIN,1.0,,,,,,,,,,,1,,,
F7B7W4,F7B7W4_MONDO,ENSMODP00000022440,MONDO,1.0,,,,,,,,,,,1,,,
F7BD12,F7BD12_MONDO,ENSMODP00000001710,MONDO,1.0,,,,,,,,,,,1,,,
F7BHN3,F7BHN3_MONDO,ENSMODP00000001029,MONDO,1.0,,,,,,,,,,,1,,,
F7BK20,F7BK20_CIOIN,ENSCINP00000012768,CIOIN,1.0,,,,,,,,,,,1,,,
F7DF65,F7DF65_MACMU,ENSMMUP00000028666,MACMU,1.0,,,,,,,,,,,1,,,
F7DZ08,F7DZ08_XENTR,ENSXETP00000001301,XENTR,1.0,,,,,,,,,,,1,,,
F7DZ45,F7DZ45_MONDO,ENSMODP00000016019,MONDO,1.0,,,,,,,,,,,1,,,
F7G2N8,F7G2N8_ORNAN,ENSOANP00000014036,ORNAN,1.0,,,,,,,,,,,1,,,
F7GA66,F7GA66_MONDO,ENSMODP00000016695,MONDO,1.0,,,,,,,,,,,1,,,
F7GIC8,F7GIC8_MACMU,ENSMMUP00000029920,MACMU,1.0,,,,,,,,,,,1,,,
F7GSH4,F7GSH4_MACMU,ENSMMUP00000033576,MACMU,1.0,,,,,,,,,,,1,,,
F7H2I3,F7H2I3_MACMU,ENSMMUP00000039526,MACMU,1.0,,,,,,,,,,,1,,,
F7H4Q3,F7H4Q3_MACMU,ENSMMUP00000003588,MACMU,1.0,,,,,,,,,,,1,,,
F7H7K2,F7H7K2_MACMU,ENSMMUP00000010501,MACMU,1.0,,,,,,,,,,,1,,,
F7HFL8,F7HFL8_MACMU,ENSMMUP00000010503,MACMU,1.0,,,,,,,,,,,1,,,
G1K3J9,G1K3J9_XENTR,ENSXETP00000046597,XENTR,1.0,,,,,,,,,,,1,,,
G1K3M1,G1K3M1_XENTR,ENSXETP00000055323,XENTR,1.0,,,,,,,,,,,1,,,
H2Q2R9,H2Q2R9_PANTR,ENSPTRP00000005375,PANTR,1.0,,,,,,,,,,,1,,,
H2Q4X1,H2Q4X1_PANTR,ENSPTRP00000007469,PANTR,1.0,,,,,,,,,,,1,,,
A2BDY3,A2BDY3_MOUSE,nan,MOUSE,1.0,,,,,,,,,,,1,,,
H2Q7G4,H2Q7G4_PANTR,ENSPTRP00000009886,PANTR,1.0,,,,,,,,,,,1,,,
H2Q874,H2Q874_PANTR,ENSPTRP00000010661,PANTR,1.0,,,,,,,,,,,1,,,
H2Q9J4,H2Q9J4_PANTR,ENSPTRP00000012188,PANTR,1.0,,,,,,,,,,,1,,,
F7G9V2,F7G9V2_ORNAN,ENSOANP00000024801,ORNAN,1.0,,,,,,,,,,,1,,,
F7FW33,F7FW33_ORNAN,ENSOANP00000021424,ORNAN,1.0,,,,,,,,,,,1,,,
F7E578,F7E578_MONDO,ENSMODP00000034105,MONDO,1.0,,,,,,,,,,,1,,,
F7FTZ5,F7FTZ5_MONDO,ENSMODP00000010304,MONDO,1.0,,,,,,,,,,,1,,,
F7E5T1,F7E5T1_MACMU,ENSMMUP00000011974,MACMU,1.0,,,,,,,,,,,1,,,
F7E8K4,F7E8K4_XENTR,ENSXETP00000018100,XENTR,1.0,,,,,,,,,,,1,,,
F7EAZ0,F7EAZ0_ORNAN,ENSOANP00000026789,ORNAN,1.0,,,,,,,,,,,1,,,
F7EP29,F7EP29_MONDO,ENSMODP00000013696,MONDO,1.0,,,,,,,,,,,1,,,
F7ERE6,F7ERE6_MACMU,ENSMMUP00000035555,MACMU,1.0,,,,,,,,,,,1,,,
F7EXX8,F7EXX8_MACMU,ENSMMUP00000004704,MACMU,1.0,,,,,,,,,,,1,,,
F7F0A1,F7F0A1_MONDO,ENSMODP00000019790,MONDO,1.0,,,,,,,,,,,1,,,
F7F7P1,F7F7P1_ORNAN,ENSOANP00000002710,ORNAN,1.0,,,,,,,,,,,1,,,
F7F9I4,F7F9I4_ORNAN,ENSOANP00000002304,ORNAN,1.0,,,,,,,,,,,1,,,
F7FCR3,F7FCR3_MONDO,ENSMODP00000023199,MONDO,1.0,,,,,,,,,,,1,,,
F7FCX6,F7FCX6_MACMU,ENSMMUP00000011309,MACMU,1.0,,,,,,,,,,,1,,,
F7FGN1,F7FGN1_MONDO,ENSMODP00000010331,MONDO,1.0,,,,,,,,,,,1,,,
F7FGZ0,F7FGZ0_MONDO,ENSMODP00000010321,MONDO,1.0,,,,,,,,,,,1,,,
F7FLY0,F7FLY0_ORNAN,ENSOANP00000019799,ORNAN,1.0,,,,,,,,,,,1,,,
F7FSC5,F7FSC5_MONDO,ENSMODP00000007701,MONDO,1.0,,,,,,,,,,,1,,,
F6ZNA5,F6ZNA5_CIOIN,ENSCINP00000006947,CIOIN,1.0,,,,,,,,,,,1,,,
F6ZBY1,F6ZBY1_MACMU,ENSMMUP00000029420,MACMU,1.0,,,,,,,,,,,1,,,
F6YQ64,F6YQ64_MACMU,ENSMMUP00000012624,MACMU,1.0,,,,,,,,,,,1,,,
F1R3E6,F1R3E6_DANRE,ENSDARP00000072649,DANRE,1.0,,,,,,,,,,,1,,,
F6PL89,F6PL89_XENTR,ENSXETP00000035661,XENTR,1.0,,,,,,,,,,,1,,,
F6PQM0,F6PQM0_MONDO,ENSMODP00000022880,MONDO,1.0,,,,,,,,,,,1,,,
F6PTV4,F6PTV4_MONDO,ENSMODP00000008557,MONDO,1.0,,,,,,,,,,,1,,,
F6PV64,F6PV64_MONDO,ENSMODP00000008540,MONDO,1.0,,,,,,,,,,,1,,,
F6Q3J5,F6Q3J5_MACMU,ENSMMUP00000020246,MACMU,1.0,,,,,,,,,,,1,,,
F6Q678,F6Q678_CIOIN,ENSCINP00000018171,CIOIN,1.0,,,,,,,,,,,1,,,
F6QA66,F6QA66_XENTR,ENSXETP00000035770,XENTR,1.0,,,,,,,,,,,1,,,
F6QNW0,F6QNW0_CIOIN,ENSCINP00000025574,CIOIN,1.0,,,,,,,,,,,1,,,
F6QQK3,F6QQK3_XENTR,ENSXETP00000028352,XENTR,1.0,,,,,,,,,,,1,,,
F6QSP6,F6QSP6_MONDO,ENSMODP00000024031,MONDO,1.0,,,,,,,,,,,1,,,
F6R5V1,F6R5V1_XENTR,ENSXETP00000036315,XENTR,1.0,,,,,,,,,,,1,,,
F6RG94,F6RG94_CIOIN,ENSCINP00000009675,CIOIN,1.0,,,,,,,,,,,1,,,
F6RTQ5,F6RTQ5_MACMU,ENSMMUP00000028938,MACMU,1.0,,,,,,,,,,,1,,,
F6RTU2,F6RTU2_XENTR,ENSXETP00000045155,XENTR,1.0,,,,,,,,,,,1,,,
F6S918,F6S918_MONDO,ENSMODP00000012958,MONDO,1.0,,,,,,,,,,,1,,,
F6PL81,F6PL81_XENTR,ENSXETP00000035662,XENTR,1.0,,,,,,,,,,,1,,,
F1QJW8,F1QJW8_DANRE,ENSDARP00000089710,DANRE,1.0,,,,,,,,,,,1,,,
F6SWK4,F6SWK4_MONDO,ENSMODP00000036576,MONDO,1.0,,,,,,,,,,,1,,,
F1Q2J8,F1Q2J8_CANFA,ENSCAFP00000023730,CANFA,1.0,,,,,,,,,,,1,,,
F1N3L4,F1N3L4_BOVIN,ENSBTAP00000019450,BOVIN,1.0,,,,,,,,,,,1,,,
F1N4J3,F1N4J3_BOVIN,ENSBTAP00000014933,BOVIN,1.0,,,,,,,,,,,1,,,
F1N4K5,F1N4K5_BOVIN,ENSBTAP00000014920,BOVIN,1.0,,,,,,,,,,,1,,,
F1N694,F1N694_BOVIN,ENSBTAP00000040353,BOVIN,1.0,,,,,,,,,,,1,,,
F1NGG3,F1NGG3_CHICK,ENSGALP00000009065,CHICK,1.0,,,,,,,,,,,1,,,
F1NK07,F1NK07_CHICK,ENSGALP00000036331,CHICK,1.0,,,,,,,,,,,1,,,
F1NNE8,F1NNE8_CHICK,ENSGALP00000024641,CHICK,1.0,,,,,,,,,,,1,,,
F1NNS0,F1NNS0_CHICK,ENSGALP00000002394,CHICK,1.0,,,,,,,,,,,1,,,
F1P6E0,F1P6E0_CANFA,ENSCAFP00000005967,CANFA,1.0,,,,,,,,,,,1,,,
F1P7X0,F1P7X0_CANFA,ENSCAFP00000019343,CANFA,1.0,,,,,,,,,,,1,,,
F1PBC2,F1PBC2_CANFA,ENSCAFP00000002386,CANFA,1.0,,,,,,,,,,,1,,,
F1PD83,F1PD83_CANFA,ENSCAFP00000005627,CANFA,1.0,,,,,,,,,,,1,,,
F1PFY7,F1PFY7_CANFA,ENSCAFP00000005041,CANFA,1.0,,,,,,,,,,,1,,,
F1PGV1,F1PGV1_CANFA,ENSCAFP00000007529,CANFA,1.0,,,,,,,,,,,1,,,
F1PL52,F1PL52_CANFA,ENSCAFP00000018278,CANFA,1.0,,,,,,,,,,,1,,,
F6SFW9,F6SFW9_CIOIN,ENSCINP00000024412,CIOIN,1.0,,,,,,,,,,,1,,,
F6SXY5,F6SXY5_MACMU,ENSMMUP00000001301,MACMU,1.0,,,,,,,,,,,1,,,
F6YN08,F6YN08_MACMU,ENSMMUP00000024409,MACMU,1.0,,,,,,,,,,,1,,,
F6VT42,F6VT42_CIOIN,ENSCINP00000024327,CIOIN,1.0,,,,,,,,,,,1,,,
F6WAA9,F6WAA9_MONDO,ENSMODP00000024306,MONDO,1.0,,,,,,,,,,,1,,,
F6WAL8,F6WAL8_MONDO,ENSMODP00000012328,MONDO,1.0,,,,,,,,,,,1,,,
F6WBC7,F6WBC7_CIOIN,ENSCINP00000019099,CIOIN,1.0,,,,,,,,,,,1,,,
F6WBW3,F6WBW3_MONDO,ENSMODP00000008970,MONDO,1.0,,,,,,,,,,,1,,,
F6WVS4,F6WVS4_MONDO,ENSMODP00000021633,MONDO,1.0,,,,,,,,,,,1,,,
F6WWW5,F6WWW5_MONDO,ENSMODP00000021618,MONDO,1.0,,,,,,,,,,,1,,,
F6WXZ2,F6WXZ2_MACMU,ENSMMUP00000014713,MACMU,1.0,,,,,,,,,,,1,,,
F6X1W1,F6X1W1_ORNAN,ENSOANP00000024433,ORNAN,1.0,,,,,,,,,,,1,,,
F6X786,F6X786_CANFA,ENSCAFP00000027604,CANFA,1.0,,,,,,,,,,,1,,,
F6XBS2,F6XBS2_MONDO,ENSMODP00000034969,MONDO,1.0,,,,,,,,,,,1,,,
F6XIK9,F6XIK9_XENTR,ENSXETP00000003509,XENTR,1.0,,,,,,,,,,,1,,,
F6XIN6,F6XIN6_XENTR,ENSXETP00000003507,XENTR,1.0,,,,,,,,,,,1,,,
F6Y816,F6Y816_CANFA,ENSCAFP00000011247,CANFA,1.0,,,,,,,,,,,1,,,
F6YIB8,F6YIB8_ORNAN,ENSOANP00000020694,ORNAN,1.0,,,,,,,,,,,1,,,
F6YJU2,F6YJU2_XENTR,ENSXETP00000026943,XENTR,1.0,,,,,,,,,,,1,,,
F6W0X8,F6W0X8_MACMU,ENSMMUP00000007627,MACMU,1.0,,,,,,,,,,,1,,,
F6VT35,F6VT35_CIOIN,ENSCINP00000024328,CIOIN,1.0,,,,,,,,,,,1,,,
F6SY72,F6SY72_CIOIN,ENSCINP00000014346,CIOIN,1.0,,,,,,,,,,,1,,,
F6UWI4,F6UWI4_XENTR,ENSXETP00000045081,XENTR,1.0,,,,,,,,,,,1,,,
F6T2H2,F6T2H2_MACMU,ENSMMUP00000025469,MACMU,1.0,,,,,,,,,,,1,,,
F6T3W5,F6T3W5_XENTR,ENSXETP00000004119,XENTR,1.0,,,,,,,,,,,1,,,
F6TK21,F6TK21_MACMU,ENSMMUP00000038523,MACMU,1.0,,,,,,,,,,,1,,,
F6TZ57,F6TZ57_MONDO,ENSMODP00000003916,MONDO,1.0,,,,,,,,,,,1,,,
F6U1A7,F6U1A7_ORNAN,ENSOANP00000018207,ORNAN,1.0,,,,,,,,,,,1,,,
F6U435,F6U435_XENTR,ENSXETP00000040204,XENTR,1.0,,,,,,,,,,,1,,,
F6U913,F6U913_MONDO,ENSMODP00000005599,MONDO,1.0,,,,,,,,,,,1,,,
F6UBP4,F6UBP4_MACMU,ENSMMUP00000040996,MACMU,1.0,,,,,,,,,,,1,,,
F6UKZ3,F6UKZ3_ORNAN,ENSOANP00000022672,ORNAN,1.0,,,,,,,,,,,1,,,
F6UMX8,F6UMX8_MACMU,ENSMMUP00000032969,MACMU,1.0,,,,,,,,,,,1,,,
F6UPI8,F6UPI8_CIOIN,ENSCINP00000001615,CIOIN,1.0,,,,,,,,,,,1,,,
F6UQ64,F6UQ64_MONDO,ENSMODP00000005585,MONDO,1.0,,,,,,,,,,,1,,,
F6UR62,F6UR62_MONDO,ENSMODP00000005575,MONDO,1.0,,,,,,,,,,,1,,,
F6USR8,F6USR8_CANFA,ENSCAFP00000020261,CANFA,1.0,,,,,,,,,,,1,,,
F6UTY3,F6UTY3_CANFA,ENSCAFP00000020254,CANFA,1.0,,,,,,,,,,,1,,,
nan,nan,ENSXETP00000018629,XENTR,1.0,,,,,,,,,,,1,,,
