ACC,ENTRY,ENS,SPEC,COUNT,InParanoid,InParanoidCore,OMA_Groups,OMA_Pairs,PANTHER8_LDO,RBH,RSD,Orthoinspector,Hieranoid_2,EnsemblCompara_v2,PANTHER8_all,Metaphors,PhylomeDB,EggNOG
Q55GC2,DST2_DICDI,nan,DICDI,12.0,1,1,1,1,,1,,1,1,1,1,1,1,1
C3ZIR2,C3ZIR2_BRAFL,nan,BRAFL,6.0,1,,,,,1,,1,1,,1,,,1
R4GF29,R4GF29_CHICK,ENSGALP00000004442,CHICK,5.0,,,,,,1,,1,1,,1,,,1
F6WV80,F6WV80_CIOIN,ENSCINP00000019622,CIOIN,5.0,1,,,,,,,1,1,,1,,,1
A7RIM4,A7RIM4_NEMVE,nan,NEMVE,5.0,1,,,,,,,1,1,,1,,,1
G3X696,G3X696_BOVIN,ENSBTAP00000001346,BOVIN,4.0,,,,,,,,1,1,,1,,,1
H2TAQ1,H2TAQ1_TAKRU,ENSTRUP00000021741,TAKRU,4.0,,,,,,,,,1,,1,,1,1
H2QS03,H2QS03_PANTR,ENSPTRP00000029935,PANTR,4.0,,,,,,,,,1,,1,,1,1
H2XJF0,H2XJF0_BOVIN,ENSBTAP00000023199,BOVIN,4.0,,,,,,,,1,1,,1,,,1
O17566,O17566_CAEEL,nan,CAEEL,4.0,,,,1,,,,,1,,1,,,1
F7BTZ4,F7BTZ4_MONDO,ENSMODP00000010691,MONDO,4.0,,,,,,,,,1,,1,,1,1
F7B7K6,F7B7K6_XENTR,ENSXETP00000002688,XENTR,4.0,,,,,,,,,1,,1,,1,1
F6UDW5,F6UDW5_CIOIN,ENSCINP00000005522,CIOIN,4.0,,,,1,,,,,1,,1,,1,
F6SJH0,F6SJH0_MONDO,ENSMODP00000031196,MONDO,4.0,,,,,,,,,1,,1,,1,1
E1BQV7,E1BQV7_CHICK,nan,CHICK,4.0,,,,,,,,1,1,,1,,,1
H2SJ02,H2SJ02_TAKRU,ENSTRUP00000012384,TAKRU,4.0,,,,1,,,,,1,,1,,1,
nan,nan,ENSXETP00000031556,XENTR,4.0,1,,,,,,,,1,,1,,,1
O94804,STK10_HUMAN,nan,HUMAN,3.0,,,,,,,,,1,,1,,,1
Q9H2K8,TAOK3_HUMAN,nan,HUMAN,3.0,,,,1,,,,,1,,1,,,
Q9H2G2,SLK_HUMAN,nan,HUMAN,3.0,,,,,,,,,1,,1,,,1
F7APG4,F7APG4_MONDO,ENSMODP00000013754,MONDO,3.0,,,,,,,,,1,,1,,,1
E9QBC8,E9QBC8_DANRE,ENSDARP00000116532,DANRE,3.0,,,,1,,,,,1,,1,,,
H2Q2J3,H2Q2J3_PANTR,ENSPTRP00000005139,PANTR,3.0,,,,,,,,,1,,1,,,1
E2RFZ4,E2RFZ4_CANFA,ENSCAFP00000015494,CANFA,3.0,,,,,,,,,1,,1,,,1
F7GZF5,F7GZF5_MACMU,ENSMMUP00000008957,MACMU,3.0,,,,,,,,,1,,1,,,1
D3ZUC0,nan,nan,nan,3.0,,,,,,,,,1,,1,,,1
F1PBJ2,F1PBJ2_CANFA,ENSCAFP00000024806,CANFA,3.0,,,,,,,,,1,,1,,,1
B7ZD09,B7ZD09_DANRE,nan,DANRE,3.0,,,,,,,,,1,,1,,,1
B8A4S3,B8A4S3_DANRE,nan,DANRE,3.0,,,,,,,,,1,,1,,,1
Q7PGV5,Q7PGV5_ANOGA,nan,ANOGA,3.0,,,,,,,,,1,,1,,1,
O55098,STK10_MOUSE,nan,MOUSE,3.0,,,,,,,,,1,,1,,,1
C4QBE7,C4QBE7_SCHMA,nan,SCHMA,3.0,,,,,,,,,1,,1,,,1
D3ZJG0,nan,nan,nan,3.0,,,,,,,,,1,,1,,,1
O54988,SLK_MOUSE,nan,MOUSE,3.0,,,,,,,,,1,,1,,,1
Q9I9E0,TAOK3_CHICK,nan,CHICK,3.0,,,,1,,,,,1,,1,,,
Q7SY52,STK10_DANRE,nan,DANRE,3.0,,,,,,,,,1,,1,,,1
H2S2L9,H2S2L9_TAKRU,ENSTRUP00000006640,TAKRU,3.0,,,,,,,,,1,,1,,1,
Q53UA7,TAOK3_RAT,nan,RAT,3.0,,,,1,,,,,1,,1,,,
F6PXY9,F6PXY9_MACMU,ENSMMUP00000020096,MACMU,3.0,,,,,,,,,1,,1,,,1
H2RSN3,H2RSN3_TAKRU,ENSTRUP00000003149,TAKRU,3.0,,,,,,,,,1,,1,,,1
Q9W179,Q9W179_DROME,nan,DROME,3.0,,,,,,,,,1,,,,1,1
H2TFN2,H2TFN2_TAKRU,ENSTRUP00000023478,TAKRU,3.0,,,,,,,,,1,,1,,,1
F6U6K4,F6U6K4_XENTR,ENSXETP00000024775,XENTR,3.0,,,,,,,,,1,,1,,1,
F6XST2,F6XST2_MONDO,ENSMODP00000024124,MONDO,3.0,,,,,,,,,1,,1,,1,
Q4QEZ0,Q4QEZ0_LEIMA,nan,LEIMA,3.0,,,,,,,,1,,,,1,1,
Q0UBD3,Q0UBD3_PHANO,nan,PHANO,2.0,,,,,,,,,1,,1,,,
E1BJ19,E1BJ19_BOVIN,ENSBTAP00000001093,BOVIN,2.0,,,,,,,,,1,,1,,,
O88664,TAOK1_RAT,nan,RAT,2.0,,,,,,,,,1,,1,,,
Q4P842,Q4P842_USTMA,nan,USTMA,2.0,,,,,,,,,1,,1,,,
E1BKM6,E1BKM6_BOVIN,ENSBTAP00000023163,BOVIN,2.0,,,,,,,,,1,,1,,,
Q6ZQ29,TAOK2_MOUSE,nan,MOUSE,2.0,,,,,,,,,1,,1,,,
Q7L7X3,TAOK1_HUMAN,nan,HUMAN,2.0,,,,,,,,,1,,1,,,
E1BHE1,E1BHE1_BOVIN,ENSBTAP00000016661,BOVIN,2.0,,,,,,,,,1,,1,,,
nan,nan,ENSMODP00000030420,MONDO,2.0,,,,,,,,,1,,1,,,
F6UD15,F6UD15_MACMU,ENSMMUP00000026685,MACMU,2.0,,,,,,,,,1,,1,,,
Q7Q8U5,Q7Q8U5_ANOGA,nan,ANOGA,2.0,,,,,,,,,1,,,,,1
nan,nan,ENSMODP00000027727,MONDO,2.0,,,,,,,,,1,,1,,,
nan,nan,ENSCAFP00000027901,CANFA,2.0,,,,,,,,,1,,1,,,
F7CMT6,F7CMT6_MACMU,ENSMMUP00000025841,MACMU,2.0,,,,,,,,,1,,1,,,
F7CVS0,F7CVS0_MONDO,ENSMODP00000014756,MONDO,2.0,,,,,,,,,,,1,1,,
E7EZY8,E7EZY8_DANRE,ENSDARP00000098084,DANRE,2.0,,,,,,,,,1,,1,,,
Q5F2E8,TAOK1_MOUSE,nan,MOUSE,2.0,,,,,,,,,1,,1,,,
Q0UWD5,Q0UWD5_PHANO,nan,PHANO,2.0,,,,,,,,,1,,1,,,
F7A937,F7A937_ORNAN,ENSOANP00000016650,ORNAN,2.0,,,,,,,,,1,,1,,,
Q5KDT4,Q5KDT4_CRYNJ,nan,CRYNJ,2.0,,,,,,,,,1,,1,,,
Q1JQ22,Q1JQ22_DANRE,nan,DANRE,2.0,,,,,,,,,,,1,1,,
Q7SFV7,nan,nan,nan,2.0,,,,,,,,,1,,1,,,
P46549,SULU_CAEEL,nan,CAEEL,2.0,,,,,,,,,1,,1,,,
E1BYH0,nan,nan,nan,2.0,,,,,,,,,1,,1,,,
F7BTU3,F7BTU3_ORNAN,ENSOANP00000020004,ORNAN,2.0,,,,,,,,,1,,1,,,
E2QSP8,E2QSP8_CANFA,ENSCAFP00000025096,CANFA,2.0,,,,,,,,,1,,1,,,
F7BYM2,F7BYM2_MACMU,ENSMMUP00000006761,MACMU,2.0,,,,,,,,,1,,1,,,
Q4Q5I0,Q4Q5I0_LEIMA,nan,LEIMA,2.0,,,,,,,,,,,1,,,1
P38080,AKL1_YEAST,nan,YEAST,2.0,,,1,1,,,,,,,,,,
Q0KHQ5,Q0KHQ5_DROME,nan,DROME,2.0,,,,,,,,,1,,1,,,
E7F0I5,E7F0I5_DANRE,ENSDARP00000107772,DANRE,2.0,,,,,,,,,1,,,,1,
E7F228,E7F228_DANRE,ENSDARP00000102777,DANRE,2.0,,,,,,,,,1,,1,,,
B1H2R5,B1H2R5_XENTR,ENSXETP00000020799,XENTR,2.0,,,,,,,,,1,,1,,,
Q871H9,Q871H9_NEUCS,nan,NEUCR,2.0,,,,,,,,,1,,1,,,
A7E7I8,A7E7I8_SCLS1,nan,SCLS1,2.0,,,,,,,,,1,,1,,,
B0Y2A3,B0Y2A3_ASPFC,nan,ASPFC,2.0,,,,,,,,,1,,1,,,
B0YCE2,B0YCE2_ASPFC,nan,ASPFC,2.0,,,,,,,,,1,,1,,,
A7RV75,A7RV75_NEMVE,nan,NEMVE,2.0,,,,,,,,,1,,1,,,
H2UX77,H2UX77_TAKRU,ENSTRUP00000041556,TAKRU,2.0,,,,,,,,,1,,1,,,
Q8BYC6,TAOK3_MOUSE,nan,MOUSE,2.0,,,,,,,,,1,,1,,,
H2R743,H2R743_PANTR,ENSPTRP00000049880,PANTR,2.0,,,,,,,,,1,,1,,,
B7QHH7,B7QHH7_IXOSC,nan,IXOSC,2.0,,,,,,,,,1,,1,,,
Q9UL54,TAOK2_HUMAN,nan,HUMAN,2.0,,,,,,,,,1,,1,,,
B7QLB2,B7QLB2_IXOSC,nan,IXOSC,2.0,,,,,,,,,1,,,,,1
A9VCY4,A9VCY4_MONBE,nan,MONBE,2.0,,,,,,,,,,,1,1,,
C3Z4C0,C3Z4C0_BRAFL,nan,BRAFL,2.0,,,,,,,,,1,,1,,,
Q9W002,Q9W002_DROME,nan,DROME,2.0,1,1,,,,,,,,,,,,
nan,nan,ENSPTRP00000013638,PANTR,2.0,,,,,,,,,1,,1,,,
H2RKP8,H2RKP8_TAKRU,ENSTRUP00000000711,TAKRU,2.0,,,,,,,,,1,,1,,,
Q9JLS3,TAOK2_RAT,nan,RAT,2.0,,,,,,,,,1,,1,,,
H2T862,H2T862_TAKRU,ENSTRUP00000020852,TAKRU,2.0,,,,,,,,,1,,1,,,
H2QCK3,H2QCK3_PANTR,ENSPTRP00000015275,PANTR,2.0,,,,,,,,,1,,1,,,
C4QFM7,nan,nan,nan,2.0,,,,,,,,,1,,1,,,
Q12851,M4K2_HUMAN,nan,HUMAN,1.0,,,,,,,,,,,1,,,
H2U8N3,H2U8N3_TAKRU,ENSTRUP00000033299,TAKRU,1.0,,,,,,,,,,,1,,,
Q07174,M3K8_MOUSE,nan,MOUSE,1.0,,,,,,,,,,,1,,,
nan,nan,ENSPTRP00000057114,PANTR,1.0,,,,,,,,,,,,,1,
Q0WUI4,Q0WUI4_ARATH,nan,ARATH,1.0,,,,,,,,,,,1,,,
H2TT06,H2TT06_TAKRU,ENSTRUP00000027814,TAKRU,1.0,,,,,,,,,,,1,,,
O54874,MRCKA_RAT,nan,RAT,1.0,,,,,,,,,,,,,1,
H2TSJ6,H2TSJ6_TAKRU,ENSTRUP00000027654,TAKRU,1.0,,,,,,,,,,,1,,,
H2TR74,H2TR74_TAKRU,ENSTRUP00000027181,TAKRU,1.0,,,,,,,,,,,,,1,
Q13464,ROCK1_HUMAN,nan,HUMAN,1.0,,,,,,,,,,,,,1,
H2TEG0,H2TEG0_TAKRU,ENSTRUP00000023053,TAKRU,1.0,,,,,,,,,,,1,,,
P92199,ROCK_CAEEL,nan,CAEEL,1.0,,,,,,,,,,,,,1,
Q1RLZ2,Q1RLZ2_DANRE,nan,DANRE,1.0,,,,,,,,,,,1,,,
Q22553,nan,nan,nan,1.0,,,,,,,,,,,1,,,
H2TCP2,H2TCP2_TAKRU,ENSTRUP00000022434,TAKRU,1.0,,,,,,,,,,,1,,,
Q23290,Q23290_CAEEL,nan,CAEEL,1.0,,,,,,,,,,,1,,,
Q23356,MIG15_CAEEL,nan,CAEEL,1.0,1,,,,,,,,,,,,,
H2T605,H2T605_TAKRU,ENSTRUP00000020094,TAKRU,1.0,,,,,,,,,,,1,,,
H2U9C4,H2U9C4_TAKRU,ENSTRUP00000033540,TAKRU,1.0,,,,,,,,,,,1,,,
P70218,M4K1_MOUSE,nan,MOUSE,1.0,,,,,,,,,,,1,,,
P83098,STLK_DROME,nan,DROME,1.0,,,,,,,,,,,1,,,
P38692,KIC1_YEAST,nan,YEAST,1.0,,,,,,,,,1,,,,,
Q3SYK5,Q3SYK5_MOUSE,nan,MOUSE,1.0,,,,,,,,,,,,,1,
O23230,O23230_ARATH,nan,ARATH,1.0,,,,,,,,,1,,,,,
O75011,NAK1_SCHPO,nan,SCHPO,1.0,,,,,,,,,1,,,,,
O75116,ROCK2_HUMAN,nan,HUMAN,1.0,,,,,,,,,,,,,1,
O80397,M2K4_ARATH,nan,ARATH,1.0,,,,,,,,,,,1,,,
O14578,CTRO_HUMAN,nan,HUMAN,1.0,,,,,,,,,,,,,1,
O14305,SID1_SCHPO,nan,SCHPO,1.0,,,,,,,,,,,1,,,
O00506,STK25_HUMAN,nan,HUMAN,1.0,,,,,,,,,,,1,,,
L7N2L8,L7N2L8_XENTR,ENSXETP00000005949,XENTR,1.0,,,,,,,,,,,1,,,
O96134,O96134_PLAF7,nan,PLAF7,1.0,,,,,,,,,,1,,,,
P08458,SPS1_YEAST,nan,YEAST,1.0,,,,,,,,,,,1,,,
K9J860,K9J860_XENTR,ENSXETP00000028956,XENTR,1.0,,,,,,,,,,,1,,,
H2UA40,H2UA40_TAKRU,ENSTRUP00000033806,TAKRU,1.0,,,,,,,,,,,,,1,
P41279,M3K8_HUMAN,nan,HUMAN,1.0,,,,,,,,,,,1,,,
H9KVF3,H9KVF3_RAT,ENSRNOP00000031981,RAT,1.0,,,,,,,,,,,1,,,
nan,nan,ENSOANP00000018638,ORNAN,1.0,,,,,,,,,,,1,,,
nan,nan,ENSPTRP00000021888,PANTR,1.0,,,,,,,,,,,1,,,
H2VBN4,H2VBN4_TAKRU,ENSTRUP00000046626,TAKRU,1.0,,,,,,,,,,,,,1,
P49025,CTRO_MOUSE,nan,MOUSE,1.0,,,,,,,,,,,,,1,
H2V5T3,H2V5T3_TAKRU,ENSTRUP00000044567,TAKRU,1.0,,,,,,,,,,,1,,,
O43066,PPK30_SCHPO,nan,SCHPO,1.0,,,,1,,,,,,,,,,
nan,nan,ENSOANP00000018543,ORNAN,1.0,,,,,,,,,,,1,,,
P70336,ROCK2_MOUSE,nan,MOUSE,1.0,,,,,,,,,,,,,1,
H2UTA1,H2UTA1_TAKRU,ENSTRUP00000040174,TAKRU,1.0,,,,,,,,,,,,,1,
Q32PQ9,Q32PQ9_DANRE,nan,DANRE,1.0,,,,,,,,,,,,1,,
nan,nan,ENSBTAP00000004733,BOVIN,1.0,,,,,,,,,,1,,,,
Q3UU96,MRCKA_MOUSE,nan,MOUSE,1.0,,,,,,,,,,,,,1,
Q8IGS1,Q8IGS1_DROME,nan,DROME,1.0,,,,,,,,,,,1,,,
Q99JP0,M4K3_MOUSE,nan,MOUSE,1.0,,,,,,,,,,,1,,,
Q98SN6,Q98SN6_CHICK,nan,CHICK,1.0,,,,,,,,,,,,,1,
Q92918,M4K1_HUMAN,nan,HUMAN,1.0,,,,,,,,,,,1,,,
Q90Y37,Q90Y37_DANRE,nan,DANRE,1.0,,,,,,,,,,,,,1,
Q8RXG3,M2K5_ARATH,nan,ARATH,1.0,,,,,,,,,,,1,,,
Q8K4T3,STRAB_MOUSE,nan,MOUSE,1.0,,,,,,,,,,,1,,,
Q8IVH8,M4K3_HUMAN,nan,HUMAN,1.0,,,,,,,,,,,1,,,
Q8BPM2,M4K5_MOUSE,nan,MOUSE,1.0,,,,,,,,,,,1,,,
Q7Q3C2,Q7Q3C2_ANOGA,nan,ANOGA,1.0,,,,,,,,,,,1,,,
Q8A435,Q8A435_BACTN,nan,BACTN,1.0,,,,,,,,,,,1,,,
Q7ZVG8,Q7ZVG8_DANRE,nan,DANRE,1.0,,,,,,,,,,,1,,,
nan,nan,ENSCAFP00000008799,CANFA,1.0,,,,,,,,,,,1,,,
Q7ZUA2,Q7ZUA2_DANRE,nan,DANRE,1.0,,,,,,,,,,,1,,,
Q7TT50,MRCKB_MOUSE,nan,MOUSE,1.0,,,,,,,,,,,,,1,
Q7TT49,MRCKB_RAT,nan,RAT,1.0,,,,,,,,,,,,,1,
Q7SYN3,Q7SYN3_DANRE,nan,DANRE,1.0,,,,,,,,,,,1,,,
Q99JT2,STK26_MOUSE,nan,MOUSE,1.0,,,,,,,,,,,1,,,
Q99KH8,STK24_MOUSE,nan,MOUSE,1.0,,,,,,,,,,,1,,,
Q9C0K7,STRAB_HUMAN,nan,HUMAN,1.0,,,,,,,,,,,1,,,
Q9FX43,M2K9_ARATH,nan,ARATH,1.0,,,,,,,,,,,1,,,
Q9Z2W1,STK25_MOUSE,nan,MOUSE,1.0,,,,,,,,,,,1,,,
Q9Y6E0,STK24_HUMAN,nan,HUMAN,1.0,,,,,,,,,,,1,,,
Q9Y5S2,MRCKB_HUMAN,nan,HUMAN,1.0,,,,,,,,,,,,,1,
Q9Y4K4,M4K5_HUMAN,nan,HUMAN,1.0,,,,,,,,,,,1,,,
Q9XTF3,MBK2_CAEEL,nan,CAEEL,1.0,,,,,,,,,,,,,1,
Q9VXE3,Q9VXE3_DROME,nan,DROME,1.0,,,,,,,,,,,,,1,
Q9VTY8,Q9VTY8_DROME,nan,DROME,1.0,,,,,,,,,,,,,1,
Q9P289,STK26_HUMAN,nan,HUMAN,1.0,,,,,,,,,,,1,,,
Q9NR20,DYRK4_HUMAN,nan,HUMAN,1.0,,,,,,,,,,,,,1,
Q9NLA1,FLR4_CAEEL,nan,CAEEL,1.0,,,,,,,,,,,1,,,
Q9M8J5,M2K8_ARATH,nan,ARATH,1.0,,,,,,,,,,,1,,,
Q9LQM8,M2K10_ARATH,nan,ARATH,1.0,,,,,,,,,,,1,,,
nan,nan,ENSCAFP00000008407,CANFA,1.0,,,,,,,,,,,1,,,
Q9LPQ3,M2K7_ARATH,nan,ARATH,1.0,,,,,,,,,,,1,,,
Q9LDN6,Q9LDN6_ARATH,nan,ARATH,1.0,,,,,,,,,,,1,,,
Q7RTN6,STRAA_HUMAN,nan,HUMAN,1.0,,,,,,,,,,,1,,,
Q7Q155,Q7Q155_ANOGA,nan,ANOGA,1.0,,,,,,,,,,,1,,,
Q3UUJ4,STRAA_MOUSE,nan,MOUSE,1.0,,,,,,,,,,,1,,,
Q59LK7,Q59LK7_CANAL,nan,CANAL,1.0,,,,,,,,,1,,,,,
Q5KD75,Q5KD75_CRYNJ,nan,CRYNJ,1.0,,,,,,,,,,,1,,,
Q5HZD3,Q5HZD3_XENTR,ENSXETP00000006526,XENTR,1.0,,,,,,,,,,,1,,,
nan,nan,ENSBTAP00000052447,BOVIN,1.0,,,,,,,,,,,1,,,
Q5APR8,CLA4_CANAL,nan,CANAL,1.0,,,,,,,,,,,1,,,
Q5AP73,nan,nan,nan,1.0,,,,,,,,,,,1,,,
Q5AI03,Q5AI03_CANAL,nan,CANAL,1.0,,,,,,,,,,,1,,,
Q59S84,Q59S84_CANAL,nan,CANAL,1.0,,,,,,,,,,,1,,,
nan,nan,ENSCINP00000019509,CIOIN,1.0,,,,,,,,,,,1,,,
Q7PSJ9,Q7PSJ9_ANOGA,nan,ANOGA,1.0,,,,,,,,,,,1,,,
Q4QJG3,Q4QJG3_LEIMA,nan,LEIMA,1.0,,,,,,,,,,,,,1,
Q4QJ14,Q4QJ14_LEIMA,nan,LEIMA,1.0,,,,,,,,,,,1,,,
Q4QIJ9,Q4QIJ9_LEIMA,nan,LEIMA,1.0,,,,,,,,,,,1,,,
nan,nan,ENSMODP00000012281,MONDO,1.0,,,,,,,,,,,1,,,
Q4PE01,Q4PE01_USTMA,nan,USTMA,1.0,,,,,,,,,,,1,,,
Q4PC98,Q4PC98_USTMA,nan,USTMA,1.0,,,,,,,,,,,1,,,
Q4P2X0,Q4P2X0_USTMA,nan,USTMA,1.0,,,,,,,,,,,1,,,
Q5KN62,Q5KN62_CRYNJ,nan,CRYNJ,1.0,,,,,,,,,,,1,,,
Q5KP75,Q5KP75_CRYNJ,nan,CRYNJ,1.0,,,,,,,,,,,1,,,
Q5SP91,nan,nan,nan,1.0,,,,,,,,,,,,,1,
H2SZW9,H2SZW9_TAKRU,ENSTRUP00000017957,TAKRU,1.0,,,,,,,,,,,,,1,
Q7PIC2,Q7PIC2_ANOGA,nan,ANOGA,1.0,,,,,,,,,,,,1,,
Q6V9V9,Q6V9V9_RAT,nan,RAT,1.0,,,,,,,,,,,1,,,
Q6V9V7,Q6V9V7_CHICK,nan,CHICK,1.0,,,,,,,,,,,1,,,
Q6C9X8,Q6C9X8_YARLI,nan,YARLI,1.0,,,,,,,,,,,1,,,
Q6C8H9,Q6C8H9_YARLI,nan,YARLI,1.0,,,,,,,,,,,1,,,
Q6C3K8,Q6C3K8_YARLI,nan,YARLI,1.0,,,,,,,,,1,,,,,
Q63562,M3K8_RAT,nan,RAT,1.0,,,,,,,,,,,1,,,
Q62830,Q62830_RAT,nan,RAT,1.0,,,,,,,,,,,,,,1
Q61161,M4K2_MOUSE,nan,MOUSE,1.0,,,,,,,,,,,1,,,
Q5ZMA7,Q5ZMA7_CHICK,nan,CHICK,1.0,,,,,,,,,,,1,,,
Q5ZK47,STRAA_CHICK,nan,CHICK,1.0,,,,,,,,,,,1,,,
Q5XIY3,Q5XIY3_DANRE,nan,DANRE,1.0,,,,,,,,,,,1,,,
Q5VT25,MRCKA_HUMAN,nan,HUMAN,1.0,,,,,,,,,,,,,1,
Q5TZ42,Q5TZ42_DANRE,nan,DANRE,1.0,,,,,,,,,,,,,1,
Q5TZ37,Q5TZ37_DANRE,nan,DANRE,1.0,,,,,,,,,,,,,1,
Q5F375,Q5F375_CHICK,nan,CHICK,1.0,,,,,,,,,,,1,,,
A1ZBH7,A1ZBH7_DROME,nan,DROME,1.0,,,,,,,,,,,1,,,
H2SU63,H2SU63_TAKRU,ENSTRUP00000015950,TAKRU,1.0,,,,,,,,,,,1,,,
C3Y811,C3Y811_BRAFL,nan,BRAFL,1.0,,,,,,,,,,,1,,,
D3ZHL6,D3ZHL6_RAT,nan,RAT,1.0,,,,,,,,,,,1,,,
D3Z8I4,D3Z8I4_RAT,nan,RAT,1.0,,,,,,,,,,,1,,,
C4QMU9,nan,nan,nan,1.0,,,,,,,,,,,1,,,
C4QJ37,nan,nan,nan,1.0,,,,,,,,,,,1,,,
C4QI16,nan,nan,nan,1.0,,,,,,,,,,,,1,,
C4Q646,nan,nan,nan,1.0,,,,,,,,,,,,1,,
C4PYG4,nan,nan,nan,1.0,,,,,,,,,,,1,,,
C3YYD0,C3YYD0_BRAFL,nan,BRAFL,1.0,,,,,,,,,,,1,,,
C3XZ92,C3XZ92_BRAFL,nan,BRAFL,1.0,,,,,,,,,,,1,,,
A9UWE2,A9UWE2_MONBE,nan,MONBE,1.0,,,,,,,,,,,1,,,
B7QJY2,B7QJY2_IXOSC,nan,IXOSC,1.0,,,,,,,,,,1,,,,
B1WB98,B1WB98_DANRE,nan,DANRE,1.0,,,,,,,,,,,1,,,
B0S514,B0S514_DANRE,nan,DANRE,1.0,,,,,,,,,,,,1,,
B0LT89,STK24_RAT,nan,RAT,1.0,,,,,,,,,,,1,,,
A9VEP3,A9VEP3_MONBE,nan,MONBE,1.0,,,,,,,,,,,,,,1
A9VDV9,A9VDV9_MONBE,nan,MONBE,1.0,,,,,,,,,1,,,,,
A9VCL4,A9VCL4_MONBE,nan,MONBE,1.0,,,,,,,,,,,,1,,
A9UZI5,A9UZI5_MONBE,nan,MONBE,1.0,,,,,,,,,,,1,,,
D3ZLE5,nan,nan,nan,1.0,,,,,,,,,,,1,,,
D3ZVH0,D3ZVH0_RAT,nan,RAT,1.0,,,,,,,,,,,1,,,
D3ZXB1,D3ZXB1_RAT,nan,RAT,1.0,,,,,,,,,,,1,,,
D3ZZU3,nan,nan,nan,1.0,,,,,,,,,,,,,1,
E2RGK3,E2RGK3_CANFA,ENSCAFP00000019021,CANFA,1.0,,,,,,,,,,,1,,,
E2RCV5,E2RCV5_CANFA,ENSCAFP00000005909,CANFA,1.0,,,,,,,,,,,1,,,
E2QYE1,E2QYE1_CANFA,ENSCAFP00000027770,CANFA,1.0,,,,,,,,,,,1,,,
E1C849,E1C849_CHICK,nan,CHICK,1.0,,,,,,,,,,,,,1,
E1C848,E1C848_CHICK,nan,CHICK,1.0,,,,,,,,,,,1,,,
E1C4F5,nan,nan,nan,1.0,,,,,,,,,,,1,,,
E1C0N4,nan,nan,nan,1.0,,,,,,,,,,,1,,,
E1BYH2,E1BYH2_CHICK,nan,CHICK,1.0,,,,,,,,,1,,,,,
E1BXT2,E1BXT2_CHICK,nan,CHICK,1.0,,,,,,,,,,,1,,,
E1BWT5,E1BWT5_CHICK,nan,CHICK,1.0,,,,,,,,,,,,,1,
E1BV67,nan,nan,nan,1.0,,,,,,,,,,,,1,,
E1BU01,E1BU01_CHICK,nan,CHICK,1.0,,,,,,,,,,,,,1,
E1BP72,E1BP72_BOVIN,ENSBTAP00000021879,BOVIN,1.0,,,,,,,,,,,,,1,
E1BJH5,E1BJH5_BOVIN,ENSBTAP00000053863,BOVIN,1.0,,,,,,,,,,,1,,,
E1B902,E1B902_BOVIN,ENSBTAP00000001378,BOVIN,1.0,,,,,,,,,,,1,,,
D4A6D6,nan,nan,nan,1.0,,,,,,,,,,,1,,,
D4A5I6,nan,nan,nan,1.0,,,,,,,,,,,1,,,
A9UYE3,A9UYE3_MONBE,nan,MONBE,1.0,,,,,,,,,,,1,,,
A9UUP0,A9UUP0_MONBE,nan,MONBE,1.0,,,,,,,,,,,,1,,
H2S3W1,H2S3W1_TAKRU,ENSTRUP00000007083,TAKRU,1.0,,,,,,,,,,,1,,,
A2E8T8,A2E8T8_TRIVA,nan,TRIVA,1.0,,,,,,,,,,,1,,,
A2EWJ0,A2EWJ0_TRIVA,nan,TRIVA,1.0,,,,,,,,,,,1,,,
A2EN08,A2EN08_TRIVA,nan,TRIVA,1.0,,,,,,,,,,,1,,,
A2EML4,A2EML4_TRIVA,nan,TRIVA,1.0,,,,,,,,,,,1,,,
A2EIZ4,A2EIZ4_TRIVA,nan,TRIVA,1.0,,,,,,,,,,,1,,,
A2EEV9,A2EEV9_TRIVA,nan,TRIVA,1.0,,,,,,,,,,,1,,,
A2EEG6,A2EEG6_TRIVA,nan,TRIVA,1.0,,,,,,,,,,,1,,,
A2EE14,A2EE14_TRIVA,nan,TRIVA,1.0,,,,,,,,,,,1,,,
A2E9S5,A2E9S5_TRIVA,nan,TRIVA,1.0,,,,,,,,,,,1,,,
A2E5C4,A2E5C4_TRIVA,nan,TRIVA,1.0,,,,,,,,,,,1,,,
A9USG9,A9USG9_MONBE,nan,MONBE,1.0,,,,,,,,,,,1,,,
A2E582,A2E582_TRIVA,nan,TRIVA,1.0,,,,,,,,,,,1,,,
A2DXM8,A2DXM8_TRIVA,nan,TRIVA,1.0,,,,,,,,,,,1,,,
A2DVI9,A2DVI9_TRIVA,nan,TRIVA,1.0,,,,,,,,,,,1,,,
A2DUN4,A2DUN4_TRIVA,nan,TRIVA,1.0,,,,,,,,,,,1,,,
A2DSR2,A2DSR2_TRIVA,nan,TRIVA,1.0,,,,,,,,,,,1,,,
A2DPD2,A2DPD2_TRIVA,nan,TRIVA,1.0,,,,,,,,,,,1,,,
A2DJC5,A2DJC5_TRIVA,nan,TRIVA,1.0,,,,,,,,,,,1,,,
A2DCG7,A2DCG7_TRIVA,nan,TRIVA,1.0,,,,,,,,,,,1,,,
A2EWX1,A2EWX1_TRIVA,nan,TRIVA,1.0,,,,,,,,,,,1,,,
A2EWX3,A2EWX3_TRIVA,nan,TRIVA,1.0,,,,,,,,,,,1,,,
A2EXP9,A2EXP9_TRIVA,nan,TRIVA,1.0,,,,,,,,,,,1,,,
A2FCS6,A2FCS6_TRIVA,nan,TRIVA,1.0,,,,,,,,,,,1,,,
A9SNT4,A9SNT4_PHYPA,nan,PHYPA,1.0,,,,,,,,,,,1,,,
A8BUK4,A8BUK4_GIAIC,nan,GIAIC,1.0,,,,,,,,,,,1,,,
A8BP53,A8BP53_GIAIC,nan,GIAIC,1.0,,,,,,,,,,,1,,,
A8B912,A8B912_GIAIC,nan,GIAIC,1.0,,,,,,,,,,,1,,,
A8B738,A8B738_GIAIC,nan,GIAIC,1.0,,,,,,,,,,,1,,,
A7S5T6,A7S5T6_NEMVE,nan,NEMVE,1.0,,,,,,,,,,,,1,,
A7RY41,A7RY41_NEMVE,nan,NEMVE,1.0,,,,,,,,,,,,1,,
A7RXR0,A7RXR0_NEMVE,nan,NEMVE,1.0,,,,,,,,,,,1,,,
A7RHW1,A7RHW1_NEMVE,nan,NEMVE,1.0,,,,,,,,,,,1,,,
A7F5H0,A7F5H0_SCLS1,nan,SCLS1,1.0,,,,,,,,,,,1,,,
A5PK86,A5PK86_BOVIN,ENSBTAP00000015413,BOVIN,1.0,,,,,,,,,,,1,,,
A3KP89,A3KP89_DANRE,nan,DANRE,1.0,,,,,,,,,,,1,,,
A2VE62,A2VE62_BOVIN,ENSBTAP00000051279,BOVIN,1.0,,,,,,,,,,,1,,,
A2G152,A2G152_TRIVA,nan,TRIVA,1.0,,,,,,,,,,,1,,,
A2FT39,A2FT39_TRIVA,nan,TRIVA,1.0,,,,,,,,,,,1,,,
A2FSS2,A2FSS2_TRIVA,nan,TRIVA,1.0,,,,,,,,,,,1,,,
A2FIW7,A2FIW7_TRIVA,nan,TRIVA,1.0,,,,,,,,,,1,,,,
E2RGP4,E2RGP4_CANFA,ENSCAFP00000021311,CANFA,1.0,,,,,,,,,,,1,,,
E7F4L2,E7F4L2_DANRE,ENSDARP00000082752,DANRE,1.0,,,,,,,,,,,1,,,
E7F9X9,E7F9X9_DANRE,ENSDARP00000076414,DANRE,1.0,,,,,,,,,,,,,1,
F7DDX8,F7DDX8_MONDO,ENSMODP00000014966,MONDO,1.0,,,,,,,,,,,,,1,
F7F789,F7F789_MACMU,ENSMMUP00000023852,MACMU,1.0,,,,,,,,,,,1,,,
F7ERZ5,F7ERZ5_ORNAN,ENSOANP00000014756,ORNAN,1.0,,,,,,,,,,,,1,,
F7EEU0,F7EEU0_XENTR,ENSXETP00000011925,XENTR,1.0,,,,,,,,,,,1,,,
F7EA12,F7EA12_MONDO,ENSMODP00000009900,MONDO,1.0,,,,,,,,,,,1,,,
F7E7U8,F7E7U8_MACMU,ENSMMUP00000004641,MACMU,1.0,,,,,,,,,,,1,,,
F7E3S0,F7E3S0_XENTR,ENSXETP00000001558,XENTR,1.0,,,,,,,,,,,1,,,
F7DZ75,F7DZ75_MACMU,ENSMMUP00000028490,MACMU,1.0,,,,,,,,,,,1,,,
F7DR69,F7DR69_XENTR,ENSXETP00000020032,XENTR,1.0,,,,,,,,,,,1,,,
F7DD19,F7DD19_XENTR,ENSXETP00000006200,XENTR,1.0,,,,,,,,,,,1,,,
F1MB87,F1MB87_BOVIN,ENSBTAP00000025696,BOVIN,1.0,,,,,,,,,,,1,,,
F7DCV8,F7DCV8_XENTR,ENSXETP00000049378,XENTR,1.0,,,,,,,,,,,1,,,
F7D586,F7D586_ORNAN,ENSOANP00000000803,ORNAN,1.0,,,,,,,,,,,,1,,
F7D279,F7D279_MACMU,ENSMMUP00000027064,MACMU,1.0,,,,,,,,,,,1,,,
F7CQ75,F7CQ75_XENTR,ENSXETP00000051292,XENTR,1.0,,,,,,,,,,,,,1,
F7CG09,F7CG09_MONDO,ENSMODP00000006774,MONDO,1.0,,,,,,,,,,,,1,,
F7CDT9,F7CDT9_MONDO,ENSMODP00000010412,MONDO,1.0,,,,,,,,,,,1,,,
F7BXH3,F7BXH3_ORNAN,ENSOANP00000023563,ORNAN,1.0,,,,,,,,,,,1,,,
F7BSW7,F7BSW7_ORNAN,ENSOANP00000013086,ORNAN,1.0,,,,,,,,,,,,1,,
F7FCJ3,F7FCJ3_MONDO,ENSMODP00000011347,MONDO,1.0,,,,,,,,,,,1,,,
F7FRV9,F7FRV9_MONDO,ENSMODP00000007747,MONDO,1.0,,,,,,,,,,,,,1,
F7G2Y1,F7G2Y1_MONDO,ENSMODP00000026843,MONDO,1.0,,,,,,,,,,,,,1,
F7HPJ0,F7HPJ0_MACMU,ENSMMUP00000012025,MACMU,1.0,,,,,,,,,,,1,,,
H2RLE9,H2RLE9_TAKRU,ENSTRUP00000000962,TAKRU,1.0,,,,,,,,,,,1,,,
H2RCA0,H2RCA0_PANTR,ENSPTRP00000057000,PANTR,1.0,,,,,,,,,,,,,1,
H2RA15,H2RA15_PANTR,ENSPTRP00000053410,PANTR,1.0,,,,,,,,,,,1,,,
H2R4B7,H2R4B7_PANTR,ENSPTRP00000046906,PANTR,1.0,,,,,,,,,,,1,,,
H2R2F6,H2R2F6_PANTR,ENSPTRP00000043904,PANTR,1.0,,,,,,,,,,,,1,,
H2QZ44,H2QZ44_PANTR,ENSPTRP00000038373,PANTR,1.0,,,,,,,,,,,1,,,
H2QYY9,H2QYY9_PANTR,ENSPTRP00000038084,PANTR,1.0,,,,,,,,,,,,1,,
H2QHS7,H2QHS7_PANTR,ENSPTRP00000020357,PANTR,1.0,,,,,,,,,,,1,,,
H2QG87,H2QG87_PANTR,ENSPTRP00000018743,PANTR,1.0,,,,,,,,,,,1,,,
H2QEB3,H2QEB3_PANTR,ENSPTRP00000016847,PANTR,1.0,,,,,,,,,,,,,1,
H2QDN2,H2QDN2_PANTR,ENSPTRP00000016166,PANTR,1.0,,,,,,,,,,,1,,,
H2Q8Y5,H2Q8Y5_PANTR,ENSPTRP00000011507,PANTR,1.0,,,,,,,,,,,,,1,
H2Q8A0,H2Q8A0_PANTR,ENSPTRP00000010729,PANTR,1.0,,,,,,,,,,,1,,,
H2Q407,H2Q407_PANTR,ENSPTRP00000006632,PANTR,1.0,,,,,,,,,,,1,,,
H2Q1S6,H2Q1S6_PANTR,ENSPTRP00000004070,PANTR,1.0,,,,,,,,,,,1,,,
G3X7P7,G3X7P7_BOVIN,ENSBTAP00000040234,BOVIN,1.0,,,,,,,,,,,1,,,
A2DBN2,A2DBN2_TRIVA,nan,TRIVA,1.0,,,,,,,,,,,1,,,
F7BN16,F7BN16_MACMU,ENSMMUP00000001755,MACMU,1.0,,,,,,,,,,,1,,,
F7BC69,F7BC69_ORNAN,ENSOANP00000008684,ORNAN,1.0,,,,,,,,,,,1,,,
F7B6W6,F7B6W6_XENTR,ENSXETP00000040936,XENTR,1.0,,,,,,,,,,,1,,,
F6U368,F6U368_MONDO,ENSMODP00000019064,MONDO,1.0,,,,,,,,,,,,,1,
F6T8M4,F6T8M4_XENTR,ENSXETP00000026596,XENTR,1.0,,,,,,,,,,,,,1,
F6T2D5,F6T2D5_ORNAN,ENSOANP00000018449,ORNAN,1.0,,,,,,,,,,,,1,,
F6R1B6,F6R1B6_XENTR,ENSXETP00000040051,XENTR,1.0,,,,,,,,,,,1,,,
F6QWT4,F6QWT4_MACMU,ENSMMUP00000018272,MACMU,1.0,,,,,,,,,,,1,,,
F6QKJ0,F6QKJ0_ORNAN,ENSOANP00000009626,ORNAN,1.0,,,,,,,,,,,1,,,
F1PZN1,F1PZN1_CANFA,ENSCAFP00000009664,CANFA,1.0,,,,,,,,,,,1,,,
F1PTW5,F1PTW5_CANFA,ENSCAFP00000008426,CANFA,1.0,,,,,,,,,,,1,,,
F1PQ92,F1PQ92_CANFA,ENSCAFP00000018105,CANFA,1.0,,,,,,,,,,,1,,,
F1PP76,F1PP76_CANFA,ENSCAFP00000020961,CANFA,1.0,,,,,,,,,,,1,,,
F1NLQ4,F1NLQ4_CHICK,ENSGALP00000021572,CHICK,1.0,,,,,,,,,,,1,,,
F1NAN8,F1NAN8_CHICK,ENSGALP00000020106,CHICK,1.0,,,,,,,,,,,1,,,
F1N5W5,F1N5W5_BOVIN,ENSBTAP00000026189,BOVIN,1.0,,,,,,,,,,,1,,,
F1N5S6,F1N5S6_BOVIN,ENSBTAP00000026195,BOVIN,1.0,,,,,,,,,,,1,,,
F1N319,F1N319_BOVIN,ENSBTAP00000007691,BOVIN,1.0,,,,,,,,,,,,,1,
F1N2U3,F1N2U3_BOVIN,ENSBTAP00000019681,BOVIN,1.0,,,,,,,,,,,1,,,
F1MH45,F1MH45_BOVIN,ENSBTAP00000029173,BOVIN,1.0,,,,,,,,,,,,,1,
F1MF50,F1MF50_BOVIN,ENSBTAP00000053818,BOVIN,1.0,,,,,,,,,,,,,1,
F6TJP4,F6TJP4_XENTR,ENSXETP00000036051,XENTR,1.0,,,,,,,,,,,1,,,
F6U514,F6U514_XENTR,ENSXETP00000029868,XENTR,1.0,,,,,,,,,,,1,,,
F7AI65,F7AI65_MACMU,ENSMMUP00000022029,MACMU,1.0,,,,,,,,,,,1,,,
F6UBT1,F6UBT1_ORNAN,ENSOANP00000017359,ORNAN,1.0,,,,,,,,,,,,,,1
F7AG50,F7AG50_XENTR,ENSXETP00000047152,XENTR,1.0,,,,,,,,,,,1,,,
F7A5J0,F7A5J0_XENTR,ENSXETP00000008967,XENTR,1.0,,,,,,,,,,,1,,,
F7A144,F7A144_XENTR,ENSXETP00000005708,XENTR,1.0,,,,,,,,,,,1,,,
F6ZX58,F6ZX58_ORNAN,ENSOANP00000027005,ORNAN,1.0,,,,,,,,,,,,,,1
F6ZW82,F6ZW82_ORNAN,ENSOANP00000015258,ORNAN,1.0,,,,,,,,,,,1,,,
F6YWC5,F6YWC5_MONDO,ENSMODP00000016644,MONDO,1.0,,,,,,,,,,,1,,,
F6YTK2,F6YTK2_CIOIN,ENSCINP00000007311,CIOIN,1.0,,,,,,,,,,,1,,,
F6YFT7,F6YFT7_XENTR,ENSXETP00000049983,XENTR,1.0,,,,,,,,,,,,,1,
F6XXI1,F6XXI1_MONDO,ENSMODP00000019135,MONDO,1.0,,,,,,,,,,,1,,,
F6XBH7,F6XBH7_XENTR,ENSXETP00000050760,XENTR,1.0,,,,,,,,,,,1,,,
F6X629,F6X629_XENTR,ENSXETP00000007055,XENTR,1.0,,,,,,,,,,,1,,,
F6WG24,F6WG24_XENTR,ENSXETP00000005827,XENTR,1.0,,,,,,,,,,,,,1,
F6W912,F6W912_CIOIN,ENSCINP00000014554,CIOIN,1.0,,,,,,,,,,,1,,,
F6V4E1,F6V4E1_MONDO,ENSMODP00000019009,MONDO,1.0,,,,,,,,,,,1,,,
F6UWM4,F6UWM4_ORNAN,ENSOANP00000025588,ORNAN,1.0,,,,,,,,,,,,,,1
F6USQ0,F6USQ0_ORNAN,ENSOANP00000022031,ORNAN,1.0,,,,,,,,,,,1,,,
F6UC05,F6UC05_ORNAN,ENSOANP00000017350,ORNAN,1.0,,,,,,,,,,,,,,1
nan,nan,ENSXETP00000047842,XENTR,1.0,,,,,,,,,,,,,1,
