ACC,ENTRY,ENS,SPEC,COUNT,InParanoid,InParanoidCore,OMA_Groups,OMA_Pairs,PANTHER8_LDO,RBH,RSD,Orthoinspector,Hieranoid_2,EnsemblCompara_v2,PANTHER8_all,Metaphors,PhylomeDB,EggNOG
H2S0G9,H2S0G9_TAKRU,ENSTRUP00000005890,TAKRU,11.0,,,1,,1,1,1,1,1,1,1,1,1,1
E7F760,E7F760_DANRE,ENSDARP00000108579,DANRE,8.0,,,,,1,,,1,1,1,1,1,1,1
E7EYK7,E7EYK7_DANRE,ENSDARP00000098323,DANRE,5.0,,,,,,,,1,1,1,,1,1,
E7FFB5,E7FFB5_DANRE,ENSDARP00000097996,DANRE,5.0,,,,,,,,1,1,,1,1,1,
F6XY67,F6XY67_MONDO,ENSMODP00000007154,MONDO,4.0,,,,,,1,,1,1,,1,,,
E7F7W8,E7F7W8_DANRE,ENSDARP00000103536,DANRE,4.0,,,,,,,,1,1,,1,1,,
E7FBQ6,E7FBQ6_DANRE,ENSDARP00000101634,DANRE,4.0,,,,,,,,1,1,,1,1,,
A0A0B4J1A9,A0A0B4J1A9_DANRE,ENSDARP00000101746,DANRE,3.0,,,,,,,,,,,1,1,1,
nan,nan,ENSBTAP00000050819,BOVIN,3.0,,,,,,,,,1,,1,1,,
F6X6Q8,F6X6Q8_CANFA,ENSCAFP00000035225,CANFA,3.0,,,,,,,,,1,,1,1,,
F6UKQ1,F6UKQ1_MONDO,ENSMODP00000007057,MONDO,3.0,,,,,,,,1,1,,1,,,
F6S363,F6S363_ORNAN,ENSOANP00000018862,ORNAN,3.0,,,,,1,,,,,,1,1,,
F1PK42,F1PK42_CANFA,ENSCAFP00000022039,CANFA,3.0,,,,,1,,,,,,1,1,,
F1LPN9,F1LPN9_RAT,ENSRNOP00000062584,RAT,3.0,,,,,1,,,,,1,1,,,
nan,nan,ENSRNOP00000051168,RAT,3.0,,,1,,,,,,,,1,,,1
D4A941,nan,nan,nan,3.0,,,,,1,,,,,1,1,,,
F6YWU1,F6YWU1_ORNAN,ENSOANP00000017035,ORNAN,3.0,,,,,1,,,,,,1,1,,
E7F717,E7F717_DANRE,ENSDARP00000103747,DANRE,3.0,,,,,,,,1,1,,,1,,
E7F229,E7F229_DANRE,ENSDARP00000102774,DANRE,3.0,,,,,,,,1,1,,,1,,
E7EZX8,E7EZX8_DANRE,ENSDARP00000104376,DANRE,3.0,,,,,,,,1,1,,,1,,
E2RBZ4,E2RBZ4_CANFA,ENSCAFP00000033122,CANFA,3.0,,,,,1,,,,,,1,1,,
F6YW36,F6YW36_ORNAN,ENSOANP00000017045,ORNAN,3.0,,,,,,,,,1,,1,1,,
nan,nan,ENSCAFP00000032846,CANFA,3.0,,,,,1,,,,,,1,1,,
F6ZNF6,F6ZNF6_ORNAN,ENSOANP00000017024,ORNAN,3.0,,,,,,,,,1,,1,1,,
F7D856,F7D856_ORNAN,ENSOANP00000011128,ORNAN,3.0,,,,,,,,,1,,1,1,,
F7EWB0,F7EWB0_ORNAN,ENSOANP00000000975,ORNAN,3.0,,,,,,,,,1,,1,1,,
F6Z1S9,F6Z1S9_ORNAN,ENSOANP00000015461,ORNAN,3.0,,,,,,,,,1,,1,1,,
F6ZND2,F6ZND2_ORNAN,ENSOANP00000017027,ORNAN,3.0,,,,,,,,,1,,1,1,,
F7FIK3,F7FIK3_ORNAN,ENSOANP00000026099,ORNAN,3.0,,,,,,,,,1,,1,1,,
A4JYR6,A4JYR6_DANRE,nan,DANRE,3.0,,,,,1,,,1,,,1,,,
F7GN75,F7GN75_MACMU,ENSMMUP00000033120,MACMU,3.0,,,,,1,,,,,,1,1,,
F7GTL7,F7GTL7_MACMU,ENSMMUP00000014130,MACMU,3.0,,,,,,,,,1,,1,1,,
F6ZNG3,F6ZNG3_ORNAN,ENSOANP00000017023,ORNAN,3.0,,,,,,,,,1,,1,1,,
G3X848,G3X848_BOVIN,ENSBTAP00000048622,BOVIN,2.0,,,,,,,,,1,,1,,,
P01737,TVA3_HUMAN,nan,HUMAN,2.0,,,,,,,,,,1,,1,,
G3X6C6,G3X6C6_BOVIN,ENSBTAP00000003578,BOVIN,2.0,,,1,,,,,,,,,,,1
H2QAQ5,H2QAQ5_PANTR,ENSPTRP00000013420,PANTR,2.0,,,,,,,,,,,,1,1,
E2RKE1,E2RKE1_CANFA,ENSCAFP00000033289,CANFA,2.0,,,,,,,,,,,1,1,,
nan,nan,ENSBTAP00000019856,BOVIN,2.0,,,,,1,,,,,,1,,,
nan,nan,ENSBTAP00000051271,BOVIN,2.0,,,,,,,,,1,,1,,,
nan,nan,ENSBTAP00000051272,BOVIN,2.0,,,,,,,,,1,,1,,,
E1BVM9,nan,nan,nan,2.0,,,,,,,1,,,,,,1,
E1BPH6,E1BPH6_BOVIN,ENSBTAP00000046250,BOVIN,2.0,,,,,,,,,1,,1,,,
nan,nan,ENSBTAP00000051573,BOVIN,2.0,,,,,,,,,1,,1,,,
nan,nan,ENSBTAP00000052090,BOVIN,2.0,,,,,,,,,1,,1,,,
nan,nan,ENSBTAP00000052097,BOVIN,2.0,,,,,,,,,1,,1,,,
nan,nan,ENSBTAP00000052359,BOVIN,2.0,,,,,,,,,1,,1,,,
nan,nan,ENSBTAP00000052429,BOVIN,2.0,,,,,,,,,1,,1,,,
E1BHN3,E1BHN3_BOVIN,ENSBTAP00000050001,BOVIN,2.0,,,,,,,,,1,,1,,,
nan,nan,ENSBTAP00000052682,BOVIN,2.0,,,,,,,,,1,,1,,,
E2R1F2,E2R1F2_CANFA,ENSCAFP00000034835,CANFA,2.0,,,,,,,,,1,,1,,,
nan,nan,ENSBTAP00000001487,BOVIN,2.0,,,,,,,,,,,,1,1,
nan,nan,ENSBTAP00000016961,BOVIN,2.0,,,,,,,,,1,,1,,,
nan,nan,ENSBTAP00000050736,BOVIN,2.0,,,,,,,,,1,,1,,,
nan,nan,ENSBTAP00000027323,BOVIN,2.0,,,,,,,,,1,,1,,,
nan,nan,ENSBTAP00000027324,BOVIN,2.0,,,,,,,,,1,,1,,,
nan,nan,ENSBTAP00000032571,BOVIN,2.0,,,,,,,,,1,,1,,,
nan,nan,ENSBTAP00000040116,BOVIN,2.0,,,,,,,,,1,,1,,,
nan,nan,ENSBTAP00000006098,BOVIN,2.0,,,,,,,,,1,,1,,,
nan,nan,ENSBTAP00000043026,BOVIN,2.0,,,,,,,,,1,,1,,,
nan,nan,ENSBTAP00000005961,BOVIN,2.0,,,,,,,,,1,,1,,,
F6WHZ5,F6WHZ5_XENTR,ENSXETP00000055832,XENTR,2.0,,,,,1,,,,,,1,,,
nan,nan,ENSBTAP00000046434,BOVIN,2.0,,,,,,,,,1,,1,,,
nan,nan,ENSBTAP00000046468,BOVIN,2.0,,,,,,,,,1,,1,,,
nan,nan,ENSBTAP00000046787,BOVIN,2.0,,,,,,,,,1,,1,,,
nan,nan,ENSBTAP00000002921,BOVIN,2.0,,,,,,,,,1,,1,,,
nan,nan,ENSBTAP00000052737,BOVIN,2.0,,,,,,,,,1,,1,,,
nan,nan,ENSBTAP00000047257,BOVIN,2.0,,,,,,,,,1,,1,,,
nan,nan,ENSBTAP00000001488,BOVIN,2.0,,,,,,,,,1,,1,,,
nan,nan,ENSBTAP00000047735,BOVIN,2.0,,,,,,,,,1,,1,,,
nan,nan,ENSBTAP00000047770,BOVIN,2.0,,,,,,,,,1,,1,,,
nan,nan,ENSBTAP00000049077,BOVIN,2.0,,,,,,,,,1,,1,,,
nan,nan,ENSBTAP00000049840,BOVIN,2.0,,,,,,,,,1,,1,,,
nan,nan,ENSBTAP00000050057,BOVIN,2.0,,,,,,,,,1,,1,,,
nan,nan,ENSBTAP00000050558,BOVIN,2.0,,,,,,,,,,,1,1,,
nan,nan,ENSBTAP00000047004,BOVIN,2.0,,,,,,,,,,1,,1,,
nan,nan,ENSBTAP00000050900,BOVIN,2.0,,,,,,,,,1,,1,,,
G5E681,G5E681_BOVIN,ENSBTAP00000048732,BOVIN,2.0,,,,,,,,,,1,,1,,
A4JYR0,A4JYR0_DANRE,nan,DANRE,2.0,,,,,,,,1,1,,,,,
D3ZAJ0,D3ZAJ0_RAT,nan,RAT,2.0,,,,,,,,,1,,1,,,
D4A5K0,nan,nan,nan,2.0,,,,,,,,,,,1,,,1
D3ZYE7,nan,nan,nan,2.0,,,,,,,,,,,1,,,1
D3ZYE6,nan,nan,nan,2.0,,,,,,,,,,,1,,,1
D3ZEW0,nan,nan,nan,2.0,,,,,,,,,1,,1,,,
nan,nan,ENSRNOP00000057065,RAT,2.0,,,,,,,,,,,1,,,1
D3Z9N5,D3Z9N5_RAT,nan,RAT,2.0,,,,,,,,,1,,1,,,
D3ZVX4,D3ZVX4_RAT,nan,RAT,2.0,,,,,,,,,,,1,,,1
D3ZSU9,D3ZSU9_RAT,nan,RAT,2.0,,,,,,,,,,,1,,,1
D3ZF14,nan,nan,nan,2.0,,,,,,,,,,,1,,,1
nan,nan,ENSRNOP00000060869,RAT,2.0,,,,,,,,,,1,1,,,
nan,nan,ENSRNOP00000059420,RAT,2.0,,,,,,,,,1,,1,,,
D4A0U4,nan,nan,nan,2.0,,,,,,,,,,,1,1,,
D4A2H1,nan,nan,nan,2.0,,,,,,,,,1,,1,,,
D3ZGA8,nan,nan,nan,2.0,,,,,,,,,,,1,,,1
D3ZHJ2,nan,nan,nan,2.0,,,,,,,,,,,1,,,1
D4AEJ4,D4AEJ4_RAT,nan,RAT,2.0,,,,,,,,,1,,1,,,
nan,nan,ENSRNOP00000057158,RAT,2.0,,,,,,,,,,1,1,,,
nan,nan,ENSCAFP00000033629,CANFA,2.0,,,,,,,,,,,1,1,,
nan,nan,ENSCAFP00000016343,CANFA,2.0,,,,,,,,,1,,1,,,
D3ZLB4,D3ZLB4_RAT,nan,RAT,2.0,,,,,,,,,1,,1,,,
D4AB61,nan,nan,nan,2.0,,,,,,,,,,,1,,,1
D4AB43,nan,nan,nan,2.0,,,,,,,,,1,,1,,,
D3ZHF7,nan,nan,nan,2.0,,,,,,,,,1,,1,,,
D3ZNZ2,nan,nan,nan,2.0,,,,,,,,,,,1,,,1
nan,nan,ENSRNOP00000059232,RAT,1.0,,,,,,,,,,,,1,,
nan,nan,ENSBTAP00000019860,BOVIN,1.0,,,,,,,,,,,1,,,
nan,nan,ENSBTAP00000011060,BOVIN,1.0,,,,,,,,,,,,1,,
nan,nan,ENSRNOP00000059102,RAT,1.0,,,,,,,,,,,,1,,
nan,nan,ENSRNOP00000059586,RAT,1.0,,,,,,,,,,,,1,,
nan,nan,ENSRNOP00000059856,RAT,1.0,,,,,,,,,,,1,,,
Q8VCH2,CLM5_MOUSE,nan,MOUSE,1.0,,,,,,,,,,,,1,,
nan,nan,ENSRNOP00000060611,RAT,1.0,,,,,,,,,,,,1,,
nan,nan,ENSRNOP00000059413,RAT,1.0,,,,,,,,,,,,1,,
Q569B0,Q569B0_RAT,nan,RAT,1.0,,,,,,,,,,,,1,,
Q6SJQ5,CLM3_MOUSE,nan,MOUSE,1.0,,,,,,,,,,,,1,,
P01598,KV106_HUMAN,nan,HUMAN,1.0,,,,,,,,,,,,1,,
nan,nan,ENSRNOP00000063577,RAT,1.0,,,,,,,,,,,,1,,
G5E6A4,G5E6A4_BOVIN,ENSBTAP00000049726,BOVIN,1.0,,,,,,,,,,,,,,1
nan,nan,ENSRNOP00000063433,RAT,1.0,,,,,,,,,,,,1,,
nan,nan,ENSRNOP00000061830,RAT,1.0,,,,,,,,,,,,1,,
nan,nan,ENSRNOP00000061654,RAT,1.0,,,,,,,,,,,,1,,
H9H441,H9H441_MACMU,ENSMMUP00000026022,MACMU,1.0,,,,,,,,,,,,1,,
H9H4C8,H9H4C8_MACMU,ENSMMUP00000030920,MACMU,1.0,,,,,,,,,,,,1,,
H9H5F0,H9H5F0_MACMU,ENSMMUP00000039494,MACMU,1.0,,,,,,,,,,,,1,,
nan,nan,ENSRNOP00000061511,RAT,1.0,,,,,,,,,,,,1,,
H9H5F4,H9H5F4_MACMU,ENSMMUP00000039651,MACMU,1.0,,,,,,,,,,,,1,,
L7N0G1,L7N0G1_CANFA,ENSCAFP00000022003,CANFA,1.0,,,,,,,,,,,,1,,
P01624,KV306_HUMAN,nan,HUMAN,1.0,,,,,,,,,,,,1,,
Q5SNQ2,Q5SNQ2_DANRE,nan,DANRE,1.0,,,,,,,,,,,1,,,
P01625,KV402_HUMAN,nan,HUMAN,1.0,,,,,,,,,,,,1,,
nan,nan,ENSRNOP00000060819,RAT,1.0,,,,,,,,,,,,1,,
P01733,TVB1_HUMAN,nan,HUMAN,1.0,,,,,,,,,,,,1,,
nan,nan,ENSRNOP00000060817,RAT,1.0,,,,,,,,,,,,1,,
P04207,KV308_HUMAN,nan,HUMAN,1.0,,,,,,,,,,,,1,,
P04434,KV310_HUMAN,nan,HUMAN,1.0,,,,,,,,,,,,1,,
P04436,TVA1_HUMAN,nan,HUMAN,1.0,,,,,,,,,1,,,,,
Q3T019,Q3T019_BOVIN,ENSBTAP00000017034,BOVIN,1.0,,,,,,,,,,,,1,,
Q4KLG8,Q4KLG8_RAT,nan,RAT,1.0,,,,,,,,,,,,1,,
nan,nan,ENSBTAP00000032441,BOVIN,1.0,,,,,,,,,,,,1,,
Q5SNQ0,Q5SNQ0_DANRE,nan,DANRE,1.0,,,,,,,,,,,1,,,
nan,nan,ENSBTAP00000032014,BOVIN,1.0,,,,,,,,,,,1,,,
nan,nan,ENSBTAP00000052900,BOVIN,1.0,,,,,,,,,,,,1,,
nan,nan,ENSRNOP00000057152,RAT,1.0,,,,,,,,,,,,1,,
nan,nan,ENSRNOP00000057000,RAT,1.0,,,,,,,,,,,,1,,
nan,nan,ENSRNOP00000056990,RAT,1.0,,,,,,,,,,,,1,,
nan,nan,ENSRNOP00000051089,RAT,1.0,,,,,,,,,,,,1,,
nan,nan,ENSRNOP00000050156,RAT,1.0,,,,,,,,,,,1,,,
nan,nan,ENSRNOP00000046915,RAT,1.0,,,,,,,,,,,,1,,
nan,nan,ENSRNOP00000042395,RAT,1.0,,,,,,,,,,,,1,,
nan,nan,ENSRNOP00000042261,RAT,1.0,,,,,,,,,,,,1,,
nan,nan,ENSRNOP00000041077,RAT,1.0,,,,,,,,,,,,1,,
nan,nan,ENSRNOP00000039902,RAT,1.0,,,,,,,,,,,,1,,
G5E615,G5E615_BOVIN,ENSBTAP00000046415,BOVIN,1.0,,,,,,,,,,,,,,1
nan,nan,ENSRNOP00000039562,RAT,1.0,,,,,,,,,,,,1,,
nan,nan,ENSP00000397832,HUMAN,1.0,,,,,,,,,,,,1,,
nan,nan,ENSBTAP00000051196,BOVIN,1.0,,,,,,,,,,,,1,,
nan,nan,ENSMUSP00000100407,MOUSE,1.0,,,,,,,,,,,,1,,
nan,nan,ENSCAFP00000035667,CANFA,1.0,,,,,,,,,,,,1,,
nan,nan,ENSCAFP00000035519,CANFA,1.0,,,,,,,,,,,,1,,
nan,nan,ENSCAFP00000035449,CANFA,1.0,,,,,,,,,,,,1,,
nan,nan,ENSCAFP00000035311,CANFA,1.0,,,,,,,,,,,,1,,
nan,nan,ENSCAFP00000035224,CANFA,1.0,,,,,,,,,,,,1,,
nan,nan,ENSCAFP00000034900,CANFA,1.0,,,,,,,,,,,,1,,
nan,nan,ENSBTAP00000052616,BOVIN,1.0,,,,,,,,,,,,1,,
nan,nan,ENSCAFP00000032881,CANFA,1.0,,,,,,,,,,,,1,,
nan,nan,ENSRNOP00000056995,RAT,1.0,,,,,,,,,,,,1,,
nan,nan,ENSBTAP00000050562,BOVIN,1.0,,,,,,,,,,,,1,,
nan,nan,ENSRNOP00000057143,RAT,1.0,,,,,,,,,,,,1,,
nan,nan,ENSRNOP00000057006,RAT,1.0,,,,,,,,,,,,1,,
nan,nan,ENSBTAP00000039828,BOVIN,1.0,,,,,,,,,,,,1,,
nan,nan,ENSRNOP00000057142,RAT,1.0,,,,,,,,,,,,1,,
nan,nan,ENSRNOP00000057125,RAT,1.0,,,,,,,,,,,,1,,
nan,nan,ENSBTAP00000043621,BOVIN,1.0,,,,,,,,,,,1,,,
nan,nan,ENSRNOP00000057103,RAT,1.0,,,,,,,,,,,,1,,
nan,nan,ENSBTAP00000045292,BOVIN,1.0,,,,,,,,,,,,1,,
nan,nan,ENSRNOP00000057099,RAT,1.0,,,,,,,,,,,,1,,
nan,nan,ENSBTAP00000046773,BOVIN,1.0,,,,,,,,,,,,1,,
nan,nan,ENSRNOP00000057082,RAT,1.0,,,,,,,,,,,,1,,
nan,nan,ENSRNOP00000057076,RAT,1.0,,,,,,,,,,,,1,,
nan,nan,ENSBTAP00000046793,BOVIN,1.0,,,,,,,,,,,,1,,
nan,nan,ENSBTAP00000047359,BOVIN,1.0,,,,,,,,,,,,1,,
nan,nan,ENSBTAP00000047983,BOVIN,1.0,,,,,,,,,,,,1,,
nan,nan,ENSRNOP00000057062,RAT,1.0,,,,,,,,,,,,1,,
nan,nan,ENSBTAP00000049599,BOVIN,1.0,,,,,,,,,,,,1,,
nan,nan,ENSBTAP00000049620,BOVIN,1.0,,,,,,,,,,,,,,1
nan,nan,ENSBTAP00000049782,BOVIN,1.0,,,,,,,,,,,1,,,
nan,nan,ENSBTAP00000049858,BOVIN,1.0,,,,,,,,,,,,1,,
nan,nan,ENSRNOP00000057035,RAT,1.0,,,,,,,,,,,,1,,
nan,nan,ENSBTAP00000050090,BOVIN,1.0,,,,,,,,,,,,1,,
nan,nan,ENSBTAP00000050409,BOVIN,1.0,,,,,,,,,,,,1,,
nan,nan,ENSRNOP00000057111,RAT,1.0,,,,,,,,,,,,1,,
F6ZNI6,F6ZNI6_ORNAN,ENSOANP00000017020,ORNAN,1.0,,,,,,,,,,,1,,,
G5E5U8,G5E5U8_BOVIN,ENSBTAP00000031414,BOVIN,1.0,,,,,,,,,,,,,,1
D4AEC4,nan,nan,nan,1.0,,,,,,,,,,,,1,,
D4A9R9,D4A9R9_RAT,nan,RAT,1.0,,,,,,,,,,,,1,,
D4A9S2,nan,nan,nan,1.0,,,,,,,,,,,,1,,
D4AAN6,nan,nan,nan,1.0,,,,,,,,,,,,1,,
D4AAP4,nan,nan,nan,1.0,,,,,,,,,,,1,,,
D4AAQ7,nan,nan,nan,1.0,,,,,,,,,,,,1,,
D4AAR6,D4AAR6_RAT,ENSRNOP00000057059,RAT,1.0,,,,,,,,,,,,1,,
D4AAR9,nan,nan,nan,1.0,,,,,,,,,,,,1,,
D4AB28,nan,nan,nan,1.0,,,,,,,,,,,,1,,
D4AB37,nan,nan,nan,1.0,,,,,,,,,,,,1,,
D4AB38,D4AB38_RAT,ENSRNOP00000057048,RAT,1.0,,,,,,,,,,,,1,,
D4AB69,nan,nan,nan,1.0,,,,,,,,,,,,1,,
D4ABL3,nan,nan,nan,1.0,,,,,,,,,,,,1,,
D4AEA8,D4AEA8_RAT,ENSRNOP00000057164,RAT,1.0,,,,,,,,,,,,1,,
D4AEB1,nan,nan,nan,1.0,,,,,,,,,,,,1,,
D4AED4,nan,nan,nan,1.0,,,,,,,,,,,,1,,
D4A979,nan,nan,nan,1.0,,,,,,,,,,,,1,,
D4AED7,D4AED7_RAT,ENSRNOP00000057144,RAT,1.0,,,,,,,,,,,,1,,
D4AEK1,nan,nan,nan,1.0,,,,,,,,,,,,1,,
D4AEM3,D4AEM3_RAT,nan,RAT,1.0,,,,,,,,,,,,1,,
E1B966,E1B966_BOVIN,ENSBTAP00000052095,BOVIN,1.0,,,,,,,,,1,,,,,
E1BBJ3,E1BBJ3_BOVIN,ENSBTAP00000051822,BOVIN,1.0,,,,,,,,,,,,,,1
E1BCU0,E1BCU0_BOVIN,ENSBTAP00000047005,BOVIN,1.0,,,,,,,,,,,,,,1
E1BK66,E1BK66_BOVIN,ENSBTAP00000044146,BOVIN,1.0,,,,,,,,,,,,1,,
E1BLT1,E1BLT1_BOVIN,ENSBTAP00000052885,BOVIN,1.0,,,,,,,,,,,,1,,
E1BMM5,E1BMM5_BOVIN,ENSBTAP00000007799,BOVIN,1.0,,,,,,,,,,,,1,,
E1BMR1,E1BMR1_BOVIN,ENSBTAP00000007729,BOVIN,1.0,,,,,,,,,,,,1,,
E1BN50,E1BN50_BOVIN,ENSBTAP00000046400,BOVIN,1.0,,,,,,,,,,,,1,,
E1BNZ1,E1BNZ1_BOVIN,ENSBTAP00000002757,BOVIN,1.0,,,,,,,,,,,,1,,
E1C0I1,E1C0I1_CHICK,ENSGALP00000023738,CHICK,1.0,,,,,,,,,,,,1,,
E2QW51,E2QW51_CANFA,ENSCAFP00000035676,CANFA,1.0,,,,,,,,,,,,1,,
D4A9R8,nan,nan,nan,1.0,,,,,,,,,,,,1,,
D4A912,nan,nan,nan,1.0,,,,,,,,,,,1,,,
E2RPR2,E2RPR2_CANFA,ENSCAFP00000033719,CANFA,1.0,,,,,,,,,,,,1,,
D3ZI65,D3ZI65_RAT,ENSRNOP00000044941,RAT,1.0,,,,,,,,,,,,1,,
A0A0B4J1D5,A0A0B4J1D5_MACMU,ENSMMUP00000030922,MACMU,1.0,,,,,,,,,,,,1,,
A0A0B4J1D6,A0A0B4J1D6_MACMU,ENSMMUP00000033126,MACMU,1.0,,,,,,,,,,,,1,,
A0A0B4J1M5,A0A0B4J1M5_MOUSE,ENSMUSP00000131077,MOUSE,1.0,,,,,,,,,,,,1,,
A2NXS7,A2NXS7_RAT,nan,RAT,1.0,,,,,,,,,,,,1,,
A4FV85,A4FV85_BOVIN,ENSBTAP00000015337,BOVIN,1.0,,,,,,,,,,,,1,,
B3DK87,B3DK87_DANRE,nan,DANRE,1.0,,,,,,,,,,,1,,,
D3Z8T4,nan,nan,nan,1.0,,,,,,,,,,,,1,,
D3ZAB3,D3ZAB3_RAT,nan,RAT,1.0,,,,,,,,,,,,1,,
D3ZAL9,D3ZAL9_RAT,nan,RAT,1.0,,,,,,,,,,,,1,,
D3ZAZ9,D3ZAZ9_RAT,ENSRNOP00000062879,RAT,1.0,,,,,,,,,,,,1,,
D3ZBU2,D3ZBU2_RAT,ENSRNOP00000062393,RAT,1.0,,,,,,,,,,,,1,,
D3ZFD6,nan,nan,nan,1.0,,,,,,,,,,,1,,,
D3ZFU0,D3ZFU0_RAT,ENSRNOP00000062293,RAT,1.0,,,,,,,,,,,,1,,
D3ZHM9,D3ZHM9_RAT,nan,RAT,1.0,,,,,,,,,,,,1,,
D3ZIG9,D3ZIG9_RAT,nan,RAT,1.0,,,,,,,,,,,,1,,
D4A711,nan,nan,nan,1.0,,,,,,,,,,,1,,,
D3ZJ60,D3ZJ60_RAT,nan,RAT,1.0,,,,,,,,,,,,1,,
D3ZL26,nan,nan,nan,1.0,,,,,,,,,,,,1,,
D3ZL79,nan,nan,nan,1.0,,,,,,,,,,,1,,,
D3ZLL3,nan,nan,nan,1.0,,,,,,,,,,,,1,,
D3ZLM1,D3ZLM1_RAT,nan,RAT,1.0,,,,,,,,,,,1,,,
D3ZN87,D3ZN87_RAT,nan,RAT,1.0,,,,,,,,,,,,,,1
D3ZPG4,nan,nan,nan,1.0,,,,,,,,,,,,1,,
D3ZRU6,nan,nan,nan,1.0,,,,,,,,,,,,1,,
D3ZSK7,D3ZSK7_RAT,ENSRNOP00000030906,RAT,1.0,,,,,,,,,,,,1,,
D3ZY15,nan,nan,nan,1.0,,,,,,,,,,,,1,,
D4A0F4,D4A0F4_RAT,nan,RAT,1.0,,,,,,,,,,,,1,,
D4A3F0,D4A3F0_RAT,ENSRNOP00000059204,RAT,1.0,,,,,,,,,,,,1,,
D4A590,nan,nan,nan,1.0,,,,,,,,,,,,1,,
D4A683,nan,nan,nan,1.0,,,,,,,,,,,,1,,
E2R5X5,E2R5X5_CANFA,ENSCAFP00000016337,CANFA,1.0,,,,,,,,,,,,1,,
E9PU65,E9PU65_RAT,ENSRNOP00000057129,RAT,1.0,,,,,,,,,,1,,,,
G3X873,G3X873_BOVIN,ENSBTAP00000050232,BOVIN,1.0,,,,,,,,,,,1,,,
F7B0M9,F7B0M9_MACMU,ENSMMUP00000022326,MACMU,1.0,,,,,,,,,,,,1,,
F6YWX4,F6YWX4_ORNAN,ENSOANP00000017030,ORNAN,1.0,,,,,,,,,,1,,,,
F6Z7X0,F6Z7X0_MONDO,ENSMODP00000034229,MONDO,1.0,,,,,,,,,,,,1,,
F6Z7X7,F6Z7X7_MONDO,ENSMODP00000034228,MONDO,1.0,,,,,,,,,,,,1,,
F6Z7Z2,F6Z7Z2_MONDO,ENSMODP00000034226,MONDO,1.0,,,,,,,,,,,,1,,
F6Z7Z8,F6Z7Z8_MONDO,ENSMODP00000034225,MONDO,1.0,,,,,,,,,,,,1,,
F6ZNC0,F6ZNC0_ORNAN,ENSOANP00000017029,ORNAN,1.0,,,,,,,,,,,,1,,
F6ZND9,F6ZND9_ORNAN,ENSOANP00000017026,ORNAN,1.0,,,,,,,,,,,,1,,
F6ZNE8,F6ZNE8_ORNAN,ENSOANP00000017025,ORNAN,1.0,,,,,,,,,,,,1,,
F6ZNH2,F6ZNH2_ORNAN,ENSOANP00000017022,ORNAN,1.0,,,,,,,,,,,,1,,
F6ZNH7,F6ZNH7_ORNAN,ENSOANP00000017021,ORNAN,1.0,,,,,,,,,,,,1,,
A0A0B4J1D3,A0A0B4J1D3_MACMU,ENSMMUP00000021127,MACMU,1.0,,,,,,,,,,,,1,,
F6ZNU1,F6ZNU1_ORNAN,ENSOANP00000017015,ORNAN,1.0,,,,,,,,,,,,1,,
F7A308,F7A308_MACMU,ENSMMUP00000036339,MACMU,1.0,,,,,,,,,,,,1,,
F7A8G3,F7A8G3_MACMU,ENSMMUP00000036336,MACMU,1.0,,,,,,,,,,,,1,,
F7C8B2,F7C8B2_MACMU,ENSMMUP00000018526,MACMU,1.0,,,,,,,,,1,,,,,
F6YWR6,F6YWR6_ORNAN,ENSOANP00000017038,ORNAN,1.0,,,,,,,,,,,,1,,
F7C8B8,F7C8B8_MACMU,ENSMMUP00000018525,MACMU,1.0,,,,,,,,,,,,1,,
F7CEY5,F7CEY5_MONDO,ENSMODP00000006978,MONDO,1.0,,,,,,,,,,,1,,,
F7DY84,F7DY84_MONDO,ENSMODP00000028004,MONDO,1.0,,,,,,,,,,,,1,,
F7F688,F7F688_MACMU,ENSMMUP00000009200,MACMU,1.0,,,,,,,,,,,,1,,
F7GDJ4,F7GDJ4_ORNAN,ENSOANP00000002461,ORNAN,1.0,,,,,,,,,,,,1,,
F7GN69,F7GN69_MACMU,ENSMMUP00000033123,MACMU,1.0,,,,,,,,,,,,1,,
F7GN73,F7GN73_MACMU,ENSMMUP00000033121,MACMU,1.0,,,,,,,,,,,,1,,
F7GTL5,F7GTL5_MACMU,ENSMMUP00000014132,MACMU,1.0,,,,,,,,,,,,1,,
F7GW97,F7GW97_MACMU,ENSMMUP00000027777,MACMU,1.0,,,,,,,,,,,,1,,
F7HD13,F7HD13_MACMU,ENSMMUP00000036096,MACMU,1.0,,,,,,,,,,,,1,,
F7HD15,F7HD15_MACMU,ENSMMUP00000036095,MACMU,1.0,,,,,,,,,,,,1,,
G3X776,G3X776_BOVIN,ENSBTAP00000021019,BOVIN,1.0,,,,,,,,,,,1,,,
G3X7L1,G3X7L1_BOVIN,ENSBTAP00000034332,BOVIN,1.0,,,,,,,,,,,,,,1
G3X832,G3X832_BOVIN,ENSBTAP00000047630,BOVIN,1.0,,,,,,,,,,,,1,,
F6YWW1,F6YWW1_ORNAN,ENSOANP00000017032,ORNAN,1.0,,,,,,,,,,,,1,,
F6YWQ5,F6YWQ5_ORNAN,ENSOANP00000017039,ORNAN,1.0,,,,,,,,,,,,1,,
F1MBP3,F1MBP3_BOVIN,ENSBTAP00000046794,BOVIN,1.0,,,,,,,,,,,,1,,
F6S1P2,F6S1P2_MACMU,ENSMMUP00000016943,MACMU,1.0,,,,,,,,,,,,1,,
F1MUN5,F1MUN5_BOVIN,ENSBTAP00000049067,BOVIN,1.0,,,,,,,,,,,,1,,
F1N3R3,F1N3R3_BOVIN,ENSBTAP00000038762,BOVIN,1.0,,,,,,,,,,,,,,1
F1N6B9,F1N6B9_BOVIN,ENSBTAP00000029996,BOVIN,1.0,,,,,,,,,,,,1,,
F1NQ25,F1NQ25_CHICK,ENSGALP00000036257,CHICK,1.0,,,,,,,,,,,,1,,
F1PNY2,F1PNY2_CANFA,ENSCAFP00000010929,CANFA,1.0,,,,,,,,,,,,1,,
F1QFC8,F1QFC8_DANRE,ENSDARP00000098052,DANRE,1.0,,,,,,,,,,,,1,,
F1QU93,F1QU93_DANRE,ENSDARP00000101856,DANRE,1.0,,,,,,,,,,,,1,,
F1RBR2,F1RBR2_DANRE,ENSDARP00000099340,DANRE,1.0,,,,,,,,,,,,1,,
F6Q3L4,F6Q3L4_MONDO,ENSMODP00000015625,MONDO,1.0,,,,,,,,,,,,1,,
F6QDV5,F6QDV5_MONDO,ENSMODP00000007126,MONDO,1.0,,,,,,,,,,,,,1,
F6QEC4,F6QEC4_MONDO,ENSMODP00000007110,MONDO,1.0,,,,,,,,,,,,1,,
F6QEF5,F6QEF5_MONDO,ENSMODP00000007105,MONDO,1.0,,,,,,,,,,,,1,,
F6QEI6,F6QEI6_MONDO,ENSMODP00000007101,MONDO,1.0,,,,,,,,,,,,1,,
F6RND6,F6RND6_ORNAN,ENSOANP00000028185,ORNAN,1.0,,,,,,,,,,,1,,,
F6SFX9,F6SFX9_MONDO,ENSMODP00000012269,MONDO,1.0,,,,,,,,,,,,1,,
F6YW82,F6YW82_ORNAN,ENSOANP00000017040,ORNAN,1.0,,,,,,,,,,,,1,,
F6SMJ0,F6SMJ0_MONDO,ENSMODP00000007280,MONDO,1.0,,,,,,,,,,,,1,,
F6U3K3,F6U3K3_MONDO,ENSMODP00000007088,MONDO,1.0,,,,,,,,,,,,,1,
F6UXE3,F6UXE3_ORNAN,ENSOANP00000006220,ORNAN,1.0,,,,,,,,,,,,1,,
F6V4D4,F6V4D4_MONDO,ENSMODP00000007032,MONDO,1.0,,,,,,,,,,,,1,,
F6VKM7,F6VKM7_MONDO,ENSMODP00000007028,MONDO,1.0,,,,,,,,,,,,1,,
F6VKR0,F6VKR0_MONDO,ENSMODP00000007023,MONDO,1.0,,,,,,,,,,,,1,,
F6W5Z7,F6W5Z7_ORNAN,ENSOANP00000024479,ORNAN,1.0,,,,,,,,,,,,1,,
F6X8S4,F6X8S4_XENTR,ENSXETP00000017568,XENTR,1.0,,,,,,,,,,,,1,,
F6XQQ3,F6XQQ3_CANFA,ENSCAFP00000035701,CANFA,1.0,,,,,,,,,,,,1,,
F6YW18,F6YW18_ORNAN,ENSOANP00000017047,ORNAN,1.0,,,,,,,,,,,,1,,
F6YW27,F6YW27_ORNAN,ENSOANP00000017046,ORNAN,1.0,,,,,,,,,,,,1,,
F6YW44,F6YW44_ORNAN,ENSOANP00000017044,ORNAN,1.0,,,,,,,,,,,,1,,
F6YW55,F6YW55_ORNAN,ENSOANP00000017043,ORNAN,1.0,,,,,,,,,,,,1,,
F6YW74,F6YW74_ORNAN,ENSOANP00000017041,ORNAN,1.0,,,,,,,,,,,,1,,
nan,nan,ENSRNOP00000063800,RAT,1.0,,,,,,,,,,,,1,,
